0.356   15.2166
0.711   29.2626
1.067   93.6403
1.423   142.802
1.778   181.428
2.134   193.133
2.49   204.838
2.845   213.032
3.201   214.202
3.557   215.958
3.912   216.543
4.268   218.182
4.624   219.821
4.979   220.055
5.335   221.576
5.691   222.396
6.046   223.566
6.402   224.737
6.758   224.854
7.113   222.279
7.469   220.406
7.825   219.118
8.18   217.831
8.536   216.543
8.892   215.373
9.247   214.202
9.603   213.032
9.959   212.447
10.314   211.861
10.67   210.925
11.025   210.457
11.381   209.169
11.737   208.35
12.092   207.53
12.448   206.009
12.804   203.668
13.159   201.327
13.515   200.156
13.871   198.986
14.226   198.986
14.582   196.645
14.938   191.963
15.293   187.281
15.649   182.599
15.9   177.917
16.21   176.746
16.55   176.278
17   175.927
17.301   175.576
17.633   175.459
18.009   175.107
18.344   174.639
18.7   173.235
19.056   172.883
19.451   171.479
19.757   169.723
20.103   168.553
20.458   167.382
20.884   166.212
21.24   165.041
21.595   161.53
21.951   159.189
22.307   155.677
22.62   152.166
23.018   148.654
23.274   146.313
23.629   143.972
23.985   142.802
24.341   140.461
24.696   138.119
25.052   135.778
25.408   133.437
25.863   131.096
26.119   129.926
26.475   127.585
26.83   125.244
27.186   121.732
27.542   118.221
27.897   107.686
28.253   105.345
28.609   103.004
28.964   100.663
29.32   98.3224
29.676   95.9813
30.031   93.6403
30.387   92.4698
30.742   91.2993
31.098   90.1288
31.454   88.9583
31.809   87.7878
32.165   86.6173
32.521   85.4468
32.8   84.2763
33.232   83.1058
33.6   81.9353
34   76.0828
34.3   74.9123
34.7   73.7418
35.01   72.5713
35.3   71.4008