0.5	40.0
0.9	60.
1.2	 110.
1.4	130.
2.0	150.
2.896   233.91
3.103   235.271
3.31   238.689
3.516   239.392
3.723   240.602
3.93   241.62
4.137   242.192
4.344   243.743
4.551   244.743
4.758   245.432
4.964   246.187
5.171   247.675
5.378   246.735
5.585   245.823
5.792   245.37
5.999   244.885
6.206   243.504
6.412   242.29
6.619   241.342
6.826   240.71
7.033   239.812
7.24   238.399
7.447   237.309
7.654   236.08
7.86   235.924
8.067   234.809
8.274   235.756
8.481   235.676
8.688   234.582
8.895   235.175
9.101   225.354
9.308   218.26
9.515   215.856
9.722   213.422
9.929   211.497
10.136   211.25
10.343   211.259
10.549   211.24
10.756   210.559
10.963   209.801
11.17   208.553
11.377   207.256
11.584   206.732
11.791   205.912
11.997   204.297
12.204   203.801
12.411   202.878
12.618   202.097
12.825   201.542
13.032   201.306
13.238   200.802
13.445   200.097
13.652   199.921
13.859   199.578
14.066   198.664
14.273   198.113
14.48   197.943
14.686   197.021
14.893   196.999
15.1   196.228
15.307   195.541
15.514   195.033
15.721   194.885
15.928   194.787
16.134   194.467
16.341   194.469
16.548   192.145
16.755   190.696
16.962   189.146
17.169   187.714
17.376   186.047
17.582   185.682
17.789   183.801
17.996   182.708
18.203   181.007
18.41   179.83
18.617   179.709
18.823   178.711
19.03   177.654
19.237   176.653
19.444   177.432
19.651   176.53
19.858   172.568
20.065   169.074
20.271   168.139
20.478   168.47
20.685   167.587
20.892   167.545
21.099   166.715
21.306   165.942
21.513   165.08
21.719   161.934
21.926   160.454
22.133   159.218
22.34   159.08
22.547   157.65
22.754   157.607
22.961   155.565
23.167   155.26