0.376   19.9194
0.498   22.4283
0.621   24.6993
0.761   26.2359
0.886   27.5886
1.01   28.0322
1.134   29.4851
1.259   31.0517
1.385   32.2075
1.501   32.6027
1.631   33.1369
1.757   34.0222
1.88   35.3875
2.008   36.0035
2.13   37.4791
2.26   38.2213
2.379   39.5995
2.504   40.3529
2.629   41.204
2.753   42.7866
2.877   43.8983
3.001   44.2527
3.128   45.8478
3.252   46.8342
3.377   47.9962
3.513   49.0201
3.626   50.4355
3.75   51.8459
3.874   52.5264
4.016   53.2502
4.123   54.2484
4.26   55.6311
4.39   55.5922
4.532   55.9143
4.621   56.9793
4.755   56.1795
4.889   56.5984
5.013   57.0766
5.137   56.9486
5.262   55.5052
5.388   54.6417
5.512   53.0799
5.642   52.58
5.762   51.5853
5.886   50.3113
6.012   50.1052
6.126   49.1006
6.264   48.724
6.385   48.2694
6.511   47.9784
6.635   47.0866
6.759   46.683
6.884   46.0689
7.012   45.8004
7.133   45.0985
7.262   44.83
7.379   44.1337
7.506   43.9096
7.631   43.3797
7.756   42.949
7.88   42.6548
8.021   41.9873
8.128   41.7124
8.253   41.337
8.377   41.0891
8.504   40.8839
