0.008	97.688
0.036	100.864
0.063	104.040
0.090	106.819
0.118	108.010
0.145	109.598
0.173	110.392
0.200	111.583
0.227	113.171
0.255	114.362
0.282	115.553
0.310	116.347
0.337	118.729
0.364	119.920
0.392	121.111
0.419	122.302
0.447	123.493
0.474	125.478
0.502	126.669
0.529	128.654
0.556	129.845
0.584	131.433
0.611	133.418
0.639	135.006
0.666	136.594
0.693	137.785
0.721	139.373
0.748	140.960
0.776	142.152
0.803	143.342
0.830	144.930
0.858	146.121
0.885	147.312
0.913	148.503
0.940	150.091
0.967	151.282
0.995	152.473
1.022	153.664
1.050	154.458
1.077	155.649
1.105	156.840
1.132	157.634
1.159	158.428
1.187	159.222
1.214	160.413
1.242	161.207
1.269	162.001
1.296	162.795
1.324	163.589
1.351	163.986
1.379	164.780
1.406	165.177
1.433	165.971
1.461	166.765
1.488	167.162
1.516	167.956
1.543	168.353
1.570	168.750
1.598	169.544
1.625	169.941
1.653	170.338
1.680	170.735
1.707	171.132
1.735	171.529
1.762	171.926
1.790	172.323
1.817	172.720
1.845	173.117
1.872	173.514
1.899	173.911
1.927	174.308
1.954	174.705
1.982	175.102
2.009	175.499
2.036	175.896
2.064	176.293
2.091	176.690
2.119	177.087
2.146	177.087
2.173	177.484
2.201	177.484
2.228	177.881
2.256	178.278
2.283	178.675
2.310	178.675
2.338	178.675
2.365	179.072
2.393	179.072
2.420	179.469
2.448	179.866
2.475	179.866
2.502	180.263
2.530	180.263
2.557	180.660
2.585	181.057
2.612	181.057
2.639	181.057
2.667	181.454
2.694	181.454
2.722	181.851
2.749	181.851
2.776	182.248
2.804	182.248
2.831	182.645
2.859	182.645
2.886	182.645
2.913	183.042
2.941	183.042
2.968	183.042
2.996	183.439
3.023	183.439
3.050	183.836
3.078	183.836
3.105	183.836
3.133	184.233
3.160	184.233
3.188	184.233
3.215	184.630
3.242	184.630
3.270	185.027
3.297	185.027
3.325	185.027
3.352	185.027
3.379	185.424
3.407	185.424
3.434	185.424
3.462	185.821
3.489	185.821
3.516	185.821
3.544	186.218
3.571	186.218
3.599	186.218
3.626	186.218
3.653	186.218
3.681	186.615
3.708	186.615
3.736	186.615
3.763	186.615
3.791	186.615
3.818	187.012
3.845	187.012
3.873	187.012
3.900	187.012
3.928	187.012
3.955	187.012
3.982	187.409
4.010	187.409
4.037	187.409
4.065	187.409
4.092	187.409
4.119	187.409
4.147	187.409
4.174	187.806
4.202	187.806
4.229	187.806
4.256	187.806
4.284	187.806
4.311	187.806
4.339	187.806
4.366	187.806
4.393	187.806
4.421	187.806
4.448	188.203
4.476	188.203
4.503	188.203
4.531	188.203
4.558	188.203
4.585	188.203
4.613	188.203
4.640	188.203
4.668	188.203
4.695	188.203
4.722	188.203
4.750	188.203
4.777	188.203
4.805	188.203
4.832	188.203
4.859	188.203
4.887	188.203
4.914	188.203
4.942	188.203
4.969	188.203
4.996	188.203
5.024	188.203
5.051	188.203
5.079	188.203
5.106	188.203
5.134	188.203
5.161	188.203
5.188	188.203
5.216	188.203
5.243	188.203
5.271	188.203
5.298	187.806
5.325	187.806
5.353	187.805
5.380	187.805
5.408	187.805
5.435	187.805
5.462	187.805
5.490	187.805
5.517	187.805
5.545	187.805
5.572	187.805
5.599	187.805
5.627	187.805
5.654	187.805
5.682	187.805
5.709	187.805
5.736	187.805
5.764	187.805
5.791	187.805
5.819	187.408
5.846	187.408
5.874	187.408
5.901	187.408
5.928	187.408
5.956	187.408
5.983	187.011
6.011	187.011
6.038	187.011
6.065	187.011
6.093	187.011
6.120	187.011
6.148	186.614
6.175	186.614
6.202	186.614
6.230	186.614
6.257	186.614
6.285	186.614
6.312	186.614
6.339	186.217
6.367	186.217
6.394	186.217
6.422	186.217
6.449	186.217
6.477	186.217
6.504	185.820
6.531	185.820
6.559	185.820
6.586	185.820
6.614	185.423
6.641	185.423
6.668	185.423
6.696	185.423
6.723	185.423
6.751	185.026
6.778	185.026
6.805	185.026
6.833	185.027
6.860	185.027
6.888	184.630
6.915	184.630
6.942	184.630
6.970	184.630
6.997	184.233
7.025	184.233
7.052	184.233
7.079	183.836
7.107	183.836
7.134	183.836
7.162	183.836
7.189	183.439
7.217	183.439
7.244	183.439
7.271	183.042
7.299	183.042
7.326	183.042
7.354	183.042
7.381	183.042
7.408	183.042
7.436	182.645
7.463	182.645
7.491	182.248
7.518	182.248
7.545	182.248
7.573	182.248
7.600	181.851
7.628	181.851
7.655	181.851
7.682	181.454
7.710	181.454
7.737	181.454
7.765	181.454
7.792	181.454
7.819	181.057
7.847	180.660
7.874	180.660
7.902	180.660
7.929	180.263
7.957	180.263
7.984	180.263
8.011	180.263
8.039	180.263
8.066	179.866
8.094	179.866
8.121	179.469
8.148	179.469
8.176	179.469
8.203	179.469
8.231	179.072
8.258	179.072
8.285	178.675
8.313	178.675
8.340	178.675
8.368	178.278
8.395	178.278
8.422	178.278
8.450	177.881
8.477	177.881
8.505	177.881
8.532	177.484
8.560	177.484
8.587	177.484
8.614	177.087
8.642	177.087
8.669	177.087
8.697	176.690
8.724	176.690
8.751	176.690
8.779	176.293
8.806	176.293
8.834	176.293
8.861	175.896
8.888	175.896
8.916	175.896
8.943	175.499
8.971	175.499
8.998	175.102
9.025	175.102
9.053	175.102
9.080	174.705
9.108	174.705
9.135	174.308
9.162	174.308
9.190	174.308
9.217	174.308
9.245	173.911
9.272	173.911
9.300	173.514
9.327	173.514
9.354	173.514
9.382	173.117
9.409	173.117
9.437	172.720
9.464	172.720
9.491	172.323
9.519	172.323
9.546	172.323
9.574	171.926
9.601	171.926
9.628	171.926
9.656	171.529
9.683	171.529
9.711	171.132
9.738	171.132
9.765	171.132
9.793	170.735
9.820	170.735
9.848	170.338
9.875	170.338
9.903	169.941
9.930	169.941
9.957	169.941
9.985	169.544
10.012	169.544
10.040	169.147
10.067	169.147
10.094	168.750
10.122	168.750
10.149	168.750
10.177	168.750
10.204	168.353
10.231	168.353
10.259	167.956
10.286	167.956
10.314	167.956
10.341	167.559
10.368	167.559
10.396	167.162
10.423	167.162
10.451	166.765
10.478	166.765
10.505	166.765
10.533	166.765
10.560	166.368
10.588	166.368
10.615	165.971
10.643	165.971
10.670	165.971
10.697	165.574
10.725	165.574
10.752	165.574
10.780	165.177
10.807	165.177
10.834	164.780
10.862	164.780
10.889	164.383
10.917	164.383
10.944	164.383
10.971	163.986
10.999	163.986
11.026	163.986
11.054	163.589
11.081	163.589
11.108	163.192
11.136	163.192
11.163	162.795
11.191	162.795
11.218	162.795
11.246	162.398
11.273	162.398
11.300	162.001
11.328	162.001
11.355	162.001
11.383	161.604
11.410	161.604
11.437	161.604
11.465	161.207
11.492	161.207
11.520	160.810
11.547	160.810
11.574	160.810
11.602	160.810
11.629	160.413
11.657	160.413
11.684	160.413
11.711	160.016
11.739	160.016
11.766	159.619
11.794	159.619
11.821	159.619
11.848	159.222
11.876	159.222
11.903	159.222
11.931	158.825
11.958	158.825
11.986	158.825
12.013	158.428
12.040	158.428
12.068	158.428
12.095	158.031
12.123	157.634
12.150	157.634
12.177	157.634
12.205	157.237
12.232	157.237
12.260	157.237
12.287	156.840
12.314	156.840
12.342	156.443
12.369	156.443
12.397	156.046
12.424	156.046
12.451	156.046
12.479	155.649
12.506	155.649
12.534	155.252
12.561	155.252
12.589	154.855
12.616	154.855
12.643	154.458
12.671	154.458
12.698	154.458
12.726	154.061
12.753	154.061
12.780	154.061
12.808	153.664
12.835	153.664
12.863	153.664
12.890	153.267
12.917	153.267
12.945	152.870
12.972	152.870
13.000	152.870
13.027	152.473
13.054	152.473
13.082	152.473
13.109	152.076
13.137	152.076
13.164	151.679
13.191	151.679
13.219	151.679
13.246	151.282
13.274	151.282
13.301	151.282
13.329	150.885
13.356	150.885
13.383	150.488
13.411	150.488
13.438	150.488
13.466	150.091
13.493	150.091
13.520	149.694
13.548	149.694
13.575	149.297
13.603	149.297
13.630	149.297
13.657	148.900
13.685	148.900
13.712	148.900
13.740	148.503
13.767	148.503
13.794	148.503
13.822	148.106
13.849	148.106
13.877	147.709
13.904	147.709
13.932	147.709
13.959	147.312
13.986	147.312
14.014	147.312
14.041	146.915
14.069	146.915
14.096	146.915
14.123	146.518
14.151	146.518
14.178	146.121
14.206	146.121
14.233	146.121
14.260	145.724
14.288	145.724
14.315	145.327
14.343	145.327
14.370	145.327
14.397	144.930
14.425	144.930
14.452	144.930
14.480	144.533
14.507	144.533
14.534	144.533
14.562	144.136
14.589	144.136
14.617	143.739
14.644	143.739
14.672	143.739
14.699	143.342
14.726	143.342
14.754	143.342
14.781	142.945
14.809	142.945
14.836	142.945
14.863	142.549
14.891	142.549
14.918	142.549
14.946	142.152
14.973	142.152
15.000	141.755
15.028	141.755
15.055	141.755
15.083	141.755
15.110	141.357
15.137	141.357
15.165	140.960
15.192	140.960
15.220	140.960
15.247	140.960
15.275	140.564
15.302	140.564
15.329	140.564
15.357	140.167
15.384	140.167
15.412	140.167
15.439	139.770
15.466	139.770
15.494	139.373
15.521	139.373
15.549	139.373
15.576	139.373
15.603	138.976
15.631	138.976
15.658	138.976
15.686	138.579
15.713	138.579
15.740	138.182
15.768	138.182
15.795	138.182
15.823	137.785
15.850	137.785
15.877	137.388
15.905	137.388
15.932	137.388
15.960	137.388
15.987	137.388
16.015	136.991
16.042	136.991
16.069	136.991
16.097	136.594
16.124	136.594
16.152	136.197
16.179	136.197
16.206	136.197
16.234	135.800
16.261	135.800
16.289	135.800
16.316	135.403
16.343	135.403
16.371	135.403
16.398	135.006
16.426	135.006
16.453	135.006
16.480	134.609
16.508	134.609
16.535	134.609
16.563	134.609
16.590	134.212
16.618	134.212
16.645	133.815
16.672	133.815
16.700	133.815
16.727	133.815
16.755	133.418
16.782	133.418
16.809	133.418
16.837	133.418
16.864	133.021
16.892	133.021
16.919	133.021
16.946	132.624
16.974	132.624
17.001	132.624
17.029	132.227
17.056	132.227
17.083	132.227
17.111	131.830
17.138	131.830
17.166	131.830
17.193	131.830
17.220	131.433
17.248	131.433
17.275	131.433
17.303	131.036
17.330	131.036
17.358	131.036
17.385	130.639
17.412	130.639
17.440	130.639
17.467	130.639
17.495	130.242
17.522	130.242
17.549	130.242
17.577	129.845
17.604	129.845
17.632	129.845
17.659	129.448
17.686	129.448
17.714	129.448
17.741	129.448
17.769	129.051
17.796	129.051
17.823	129.051
17.851	128.654
17.878	128.654
17.906	128.654
17.933	128.257
17.961	128.257
17.988	128.257
18.015	127.860
18.043	127.860
18.070	127.860
18.098	127.860
18.125	127.463
18.152	127.463
18.180	127.463
18.207	127.066
18.235	127.066
18.262	127.066
18.289	127.066
18.317	127.066
18.344	126.669
18.372	126.669
18.399	126.669
18.426	126.669
18.454	126.272
18.481	126.272
18.509	126.272
18.536	125.875
18.563	125.875
18.591	125.875
18.618	125.875
18.646	125.478
18.673	125.478
18.701	125.478
18.728	125.478
18.755	125.478
18.783	125.081
18.810	125.081
18.838	125.081
18.865	125.081
18.892	124.684
18.920	124.684
18.947	124.684
18.975	124.684
19.002	124.287
19.029	124.287
19.057	124.287
19.084	124.287
19.112	123.890
19.139	123.890
19.166	123.890
19.194	123.493
19.221	123.493
19.249	123.493
19.276	123.493
19.304	123.493
19.331	123.096
19.358	123.096
19.386	123.096
19.413	122.699
19.441	122.699
19.468	122.699
19.495	122.699
19.523	122.699
19.550	122.302
19.578	122.302
19.605	122.302
19.632	121.905
19.660	121.905
19.687	121.905
19.715	121.508
19.742	121.508
19.769	121.508
19.797	121.508
19.824	121.508
19.852	121.111
19.879	121.111
19.906	121.111
19.934	121.111
19.961	120.714
19.989	120.714
20.016	120.714
