0.721   60.7037
1.084   119.997
1.52   138.585
1.882   150.475
2.245   179.338
2.68   182.169
3.043   191.665
3.406   198.935
3.841   199.413
4.204   200.429
4.567   198.892
5.728   194.953
6.889   190.246
8.05   181.79
9.211   178.441
10.444   175.788
11.533   172.837
12.694   164.415
13.927   160.382
15.016   157.703
16.249   153.182
17.41    146.192
18.571   142.456
19.732   142.728
20.82    141.027
22.054   139.766
23.142   138.477
24.303   138.631
25.537   133.3425
26.77    127.1424
27.859   126.3395
29.02    122.0819
