0.5	40.0
0.9	60.
1.2	 110.
1.4	130.
2.0	150.
2.896   225.91
3.103   227.271
3.31   229.689
3.516   230.392
3.723   231.602
3.93   232.62
4.137   233.192
4.344   234.743
4.551   235.743
4.758   235.432
4.964   236.187
5.171   236.675
5.378   238.735
5.585   235.823
5.792   231.37
5.999   229.885
6.206   228.504
6.412   227.29
6.619   226.342
6.826   225.71
7.033   224.812
7.24   224.399
7.447   224.309
7.654   224.78
7.86   223.924
8.067   223.809
8.274   223.756
8.481   223.676
8.688   223.582
8.895   220.175
9.101   215.354
9.308   210.26
9.515   208.856
9.722   207.422
9.929   206.697
10.136   206.55
10.343   206.359
10.549   206.24
10.756   205.959
10.963   205.801
11.17   205.553
11.377   205.256
11.584   204.732
11.791   203.912
11.997   203.297
12.204   202.801
12.411   200.878
12.618   196.097
12.825   194.542
13.032   192.306
13.238   190.802
13.445   188.097
13.652   186.921
13.859   185.578
14.066   184.664
14.273  184.113
14.48   183.943
14.686   183.021
14.893   182.999
15.1   182.228
15.307   181.541
15.514   181.033
15.721   180.885
15.928   180.787
16.134   180.467
16.341   180.469
16.548   180.145
16.755   179.696
16.962   179.146
17.169   177.714
17.376   176.047
17.582   175.682
17.789   173.801
17.996   172.708
18.203   171.007
18.41   169.83
18.617   169.709
18.823   168.711
19.03   167.654
19.237   166.653
19.444   167.432
19.651   166.53
19.858   165.568
20.065   164.074
20.271   163.139
20.478   162.47
20.685   161.587
20.892   160.545
21.099   159.715
21.306   158.942
21.513   158.08
21.719   157.934
21.926   157.454
22.133   157.218
22.34   157.08
22.547   156.65
22.754   156.607
22.961   156.565
23.167   156.26