4.101   276.171
4.519   276.618
4.852   277.925
5.27   278.974
5.603   279.472
6.021   280.666
6.354   281.432
6.772   282.641
7.189   284.431
7.523   285.875
7.94   286.991
8.274   287.899
8.691   287.011
9.025   287.044
9.442   287.118
9.776   287.068
10.193   286.915
10.527   286.8226
10.944   286.545
11.278   286.072
11.695   286.257
12.029   284.399
12.446   282.983
12.78   280.728
13.197   278.921
13.615   276.492
13.948   274.065
14.366   272.855
14.783   270.049
15.117   268.372
15.451   266.502
15.868   264.909
16.285   262.361
16.619   260.436
16.953   258.847
17.37   256.83
17.704   254.027
18.121   252.818
18.455   250.382
18.872   248.237
19.289   246.653
19.623   244.856
20.04   242.958
20.374   240.468
20.791   238.496
21.125   236.505
21.542   234.806
21.96   232.4
22.294   230.191
22.711   228.107
23.045   226.512
23.462   224.437
23.796   220.567
24.213   218.41
24.547   216.938
24.964   214.409
25.298   212.585
25.715   210.262
26.049   208.218
26.466   206.608
26.8   204.417
27.217   202.625
27.634   200.638
27.968   198.702
28.385   195.283
28.719   192.982
29.136   191.822
29.47   191.039
29.888   189.893
30.221   188.537
30.639   187.754
30.972   186.038
31.39   184.685
31.807   183.695
32.141   182.341
32.475   181.624
32.892   179.707
33.309   178.709
33.643   178.147
34.06   177.361
34.394   175.665
34.811   175.679
35.145   174.321
35.562   173.754
35.896   173.204
36.313   172.41
36.731   169.727
37.064   169.749
37.482   168.951
37.815   167.846
38.233   167.846
38.566   166.51
38.984   165.383
39.317   164.822
39.735   164.26
40.069   163.943
40.486   162.611
40.82   162.09
41.237   161.322
41.571   160.764
41.988   160.512
42.405   159.395
42.739   158.672
43.156   158.672
43.49   157.558
43.824   157.349
44.241   156.027
44.658   155.471
44.992   155.211
45.409   154.446
45.743   153.334
46.16   153.043
46.578   152.758
46.911   151.997
47.329   151.236
47.663   151.304
48.08   150.202
48.414   150.482
48.831   150.011
49.165   149.752
49.582   149.752
49.916   149
50.333   148.163
50.667   148.454
51.084   147.071
51.418   146.027
51.835   146.614
52.252   145.865
52.586   145.322
52.92   145.024
53.337   144.779
53.754   144.584
54.088   143.73
54.506   142.683
54.923   142.14
55.257   142.14
55.674   141.597
56.008   140.756
56.341   140.848
56.759   139.463
57.176   139.463
