0.356   8.83767
0.711   19.6393
1.067   73.6473
1.423   133.619
1.778   172.024
2.134   181.844
2.49   194.609
2.845   207.447
3.201   214.302
3.557   218.266
3.912   221.212
4.268   219.248
4.624   217.284
4.979   218.212
5.335   219.14
5.691   220.122
6.046   222.086
6.402   221.068
6.758   223.032
7.113   224.05
7.469   221.068
7.825   220.086
8.18   219.104
8.536   218.122
8.892   217.14
9.247   216.158
9.603   215.176
9.959   217.194
10.314   216.212
10.67   214.248
11.025   213.266
11.381   212.284
11.737   210.321
12.092   209.339
12.448   208.357
12.804   206.393
13.159   205.429
13.515   204.465
13.871   203.537
14.226   202.573
14.582   201.591
14.938   200.627
15.293   194.663
15.649   182.735
15.9   180.771
16.21   178.808
16.55   173.844
17   174.88
17.301   179.916
17.633   182.952
18.009   189.988
18.344   192.024
18.7   194.06
19.056   193.096
19.451   191.132
19.757   189.15
20.103   188.168
20.458   187.204
20.884   186.222
21.24   186.24
21.595   185.258
21.951   184.276
22.307   184.295
22.62   182.313
23.018   180.331
23.274   174.349
23.629   169.367
23.985   155.385
24.341   140.421
24.696   130.439
25.052   115.904
25.408   111.111
25.863   106.442
26.119   101.851
26.475   102.789
26.83   102.806
27.186   102.822
27.542   101.918
27.897   101.012
28.253   100.108
28.609   94.5217
28.964   96.5177
29.32   95.7012
29.676   94.8848
30.031   94.0693
30.387   93.2529
30.742   95.2322
31.098   89.5939
31.454   82.7863
31.809   82.7863
32.165   82.1076
32.521   81.4288
32.8   81.4288
33.232   80.7499
33.6   74.444
34   73.8187
34.3   73.1925
34.7   73.1925
35.01   72.567
35.3   71.9416
