0.1     10.0
0.2     20.0
0.4     100.0
0.713   127.9721
0.904   135.953
1.159   145.158
1.35   150.973
1.604   155.977
1.795   160.896
2.05   163.194
2.304   166.828
2.495   169.718
2.686   173.96
2.941   174.882
3.132   170.894
3.386   166.304
3.641   164.298
3.895   163.503
4.532   161.493
5.168   164.776
5.805   166.611
6.505   167.469
7.141   168.369
7.841   167.494
8.478   166.293
9.178   165.302
9.814   164.007
10.514   164.371
11.151   164.015
11.851   163.918
12.487   162.943
13.187   162.28
13.887   161.789
14.523   161.479
15.16   159.206
15.86   157.458
16.496   155.095
17.196   153.256
17.833   151.278
18.533   150.13
19.233   149.521
19.869   147.105
20.506   146.813
21.206   145.64
21.778   145.974
22.542   144.362
23.179   143.999
23.815   144.073
24.515   142.164
25.151   140.004
25.851   137.825
26.552   135.261
27.2513   132.956
27.888   131.08
28.524   130.946
29.161   129.125
29.846   127.887
30.07   125.348
30.226   124.024
30.744   123.255
31.416   122.668
31.66   121.189
32.049   120.585
32.532   119.513
32.945   118.329
33.2   117.448
33.411   116.944
33.676   115.402
33.886   114.171
34.097   113.75
34.288   112.411
34.532  111.158
34.731  110.807
34.993  108.468
35.213  107.836
35.402  107.468
35.633  106.977
35.865  106.48
36.1    105.7
36.298  105.579
36.56   104.86
36.756  104.754
36.931  104.44
37.22   104.1
37.44   103.78
37.626  102.902
37.886  102.805
38.085   102.8
38.318   101.92
38.548   101.06
38.766   100.93
38.963   100.28
39.187   99.64
39.417   99.606
39.672   99.213
39.862   98.663
40.094   98.434
40.317   98.096
40.506   97.619
40.728  97.199
40.973   96.797
41.209   96.663
41.411   96.65
41.651   96.342
41.866   95.968
42.052   95.658
42.272   95.504
42.552   95.279
42.763   95.268
42.95   94.995
43.235   94.022
43.422   93.682
43.621   93.549
43.905   93.307
44.062   93.304
44.347   92.916