0.752   144.877
0.961   147.425
1.241   152.622
1.451   170.006
1.731   175.872
1.941   180.83
2.221   183.592
2.5   189.151
2.71   193.248
2.92   195.961
3.2   197.571
3.41   197.58
3.69   194.567
3.969   192.046
4.249   188.026
4.949   172.986
5.648   179.088
6.348   176.168
7.117   182.441
7.817   186.817
8.586   188.358
9.286   189.263
10.055   185.287
10.755   185.058
11.524   185.324
12.224   185.74
12.993   183.515
13.693   182.118
14.463   182.448
15.232   182.109
15.932   172.729
16.631   171.875
17.401   170.575
18.1   150.278
18.87   149.655
19.569   149.065
20.339   146.903
21.108   144.992
21.808   142.857
22.507   141.817
23.277   141.637
23.906   139.136
24.746   138.539
25.445   136.012
26.145   135.528
26.914   134.666
27.614   133.165
28.383   130.228
29.153   130.911
29.922   132.193
30.622   131.3
31.321   128.385
32.021   125.143
32.774   123.604
33.02   122.397
33.192   120.532
33.761   121.593
34.5   113.707
34.768   113.004
35.196   114.143
35.727   114.585
36.181   114.974
36.461   113.604
36.693   113.839
36.984   112.57
37.215   111.812
37.447   111.44
37.657   110.341
37.925   109.611
38.144   108.336
38.432   108.441
38.674   107.276
38.881   108.841
39.135   109.459
39.39   110.338
39.648   109.745
39.866   108.689
40.154   106.741
40.37   105.766
40.562   105.205
40.879   104.388
41.121   102.898
41.326   102.168
41.612   101.744
41.83   101.056
42.086   99.4534
42.339   98.607
42.579   98.2854
42.795   99.2529
43.042   99.4472
43.295   100.526
43.575   101.971
43.784   102.066
44.039   103.667
44.284   103.445
44.492   103.863
44.735   105.099
45.005   104.652
45.264   104.978
45.486   104.864
45.75   105.947
45.986   104.796
46.191   104.405
46.433   103.688
46.74   102.791
46.972   102.519
47.178   101.381
47.491   101.625
47.697   100.467
47.916   100.148
48.228   99.2803
48.4   98.2936
48.713   97.7977