0.2     23.0
0.44   124.598
0.587   126.957
0.684   127.556
0.782   128.896
0.917   129.63
1.026   130.942
1.12167   131.909
1.222   132.462
1.319   133.401
1.421   134.338
1.564   135.003
1.642   136.923
1.808   137.904
1.857   138.527
1.957   139.992
2.052   140.741
2.162   141.152
2.296   141.441
2.398   142.542
2.493   145.754
2.587   148.606
2.69767   154.46
2.833   155.876
2.918   156.531
2.98   157.368
3.123   158.015
3.23233   159.07
3.322   160.2
3.419   161.472
3.532   162.339
3.65833   162.895
3.712   163.308
3.894   164.197
3.956   166.728
4.08333   168.115
4.178   170.289
4.298   175.834
4.35167   182.137
4.445   183.794
4.588   184.4
4.714   185.241
4.836   186.689
4.90267   187.938
4.997   188.378
5.123   189.907
5.226   190.613
5.312   191.751
5.438   191.025
5.568   192.58
5.643   192.758
5.738   193.991
5.812   193.35
5.942   194.262
6.056   194.69
6.179   193.698
6.252   193.1
6.38367   192.949
6.398   192.108
6.509   191.095
6.642   191.555
6.68267   190.587
6.793   190.618
6.935   189.93
7.013   189.965
7.13967   188.978
7.218   188.037
7.277   187.137
7.439   187.316
7.619   186.478
7.659   186.463
7.766   185.339
7.864   185.909
8.01   184.413
8.069   184.373
8.205   184.277
8.274   184.27
8.384   184.09
8.498   183.72
8.60467   183.658
8.694   183.871
8.791   183.869
8.904   183.696
9.014   183.271
9.133   184.682
9.25   184.608
9.328   183.279
9.43933   183.927
9.55   182.651
9.67   182.53
9.817   181.89
9.89667   181.626
10.012   180.3611
10.0853   180.056
10.211   179.827
10.256   179.436
10.3683   179.106
10.501   179.197
10.6363   178.457
10.715   178.253
10.794   178.449
10.94   177.827
11.0303   177.168
11.135   176.68
11.235   176.224
11.331   175.657
11.456   175.229
11.526   174.511
11.661   174.185
11.77   173.888
11.881   173.441
12.014   172.704
12.022   172.741
12.112   172.741
12.228   172.041
12.306   171.672
12.401   171.471
12.503   171.084
12.606   170.531
12.7003   170.086
12.826   169.775
12.942   168.459
13.089   167.838
13.1577   167.423
13.267   167.493
13.362   166.702
13.456   166.466
13.528   166.179
13.535   166.139
13.675   165.888
13.756   165.521
13.8663   165.062
13.968   164.462
14.066   163.95
14.181   163.935
14.2913   163.192
14.417   163.107
14.48   163.148
14.554   162.786
14.685   162.333
14.858   161.505
14.945   161.014
15.0157   160.613
15.126   160.331
15.221   160.09
15.335   159.636
15.482   159.394
15.52   159.173
15.678   159.357
15.726   158.796
15.882   158.345
15.9453   158.114
16.056   158.153
16.165   158.049
16.2447   157.646
16.4023   157.41
16.507   157.044
16.5757   156.464
16.717   155.829
16.849   155.853
16.938   155.289
17.045   154.736
17.093   154.736
17.221   154.394
17.338   153.736
17.484   152.917
17.5523   152.155
17.647   151.693
17.826   151.329
17.883   151.007
17.924   150.674
18.072   150.486
18.182   149.625
18.314   148.705
18.412   148.363
18.497   148.658
18.656   147.745
18.7023   147.789
18.851   147.245
18.949   146.906
19.033   146.732
19.143   146.557
19.242   145.586
19.348   145.411
19.486   144.63
19.584   144.131
19.633   144.514
19.779   143.852
19.877   143.691
19.926   143.352
20.121   142.853
20.17   142.853
20.268   142.355
20.372   142.038
20.592   141.602
20.61   141.193
20.703   141.074
20.805   140.695
20.951   140.243
21.034   140.209
21.112   140.118
21.244   139.745
21.3487   139.476
21.412   139.278
21.537   139.081
21.6797   138.796
21.758   138.4
21.928   138.136
21.977   138.136
21.994   138.01
22.073   138.028
22.27   137.809