0.353   36.2331
0.516   50.4257
0.68   54.9274
0.825   58.6978
1.007   61.7525
1.17   62.7126
1.316   66.6978
1.479   72.7149
1.661   75.9869
1.806   79.7786
1.988   81.6844
2.134   85.7299
2.297   92.421
2.461   95.3188
2.624   95.5753
2.788   92.8943
2.951   95.6274
3.133   96.4697
3.297   102.5974
3.442   110.576
3.606   108.272
3.769   108.179
3.933   108.572
4.096   106.483
4.26   103.902
4.423   96.4552
4.587   93.2921
4.751   92.561
4.914   88.8117
5.078   82.4212
5.241   81.1608
5.405   75.0856
5.568   73.765
5.732   71.3417
5.896   68.6652
6.059   67.9704
6.223   65.0202
6.386   62.4417
6.532   61.2582
6.732   59.7484
6.877   58.262
