.376   36.9037
0.498   41.5518
0.621   45.7591
0.761   48.6059
0.886   51.112
1.01   51.9338
1.134   54.6255
1.259   57.5279
1.385   59.6692
1.501   60.4014
1.631   61.391
1.757   63.0312
1.88   65.5606
2.008   66.7018
2.13   69.4356
2.26   70.8106
2.379   73.364
2.504   74.7598
2.629   76.3365
2.753   79.2685
2.877   81.3281
3.001   81.9847
3.128   84.9399
3.252   86.7673
3.377   88.9201
3.513   90.817
3.626   93.4393
3.75   96.0522
3.874   97.313
4.016   98.6539
4.123   100.503
4.26   103.065
4.39   102.993
4.532   103.59
4.621   105.563
4.755   104.081
4.889   104.857
5.013   105.743
5.137   105.506
5.262   102.832
5.388   101.232
5.512   98.3384
5.642   97.4123
5.762   95.5694
5.886   93.2092
6.012   92.8273
6.126   90.9662
6.264   90.2685
6.385   89.4262
6.511   88.8871
6.635   87.2349
6.759   86.4872
6.884   85.3495
7.012   84.8521
7.133   83.5517
7.262   83.0542
7.379   81.7642
7.506   81.3491
7.631   80.3673
7.756   79.5694
7.88   79.0244
8.021   77.7877
8.128   77.2784
8.253   76.5829
8.377   76.1237
8.504   75.7435