0.353   34.2331
0.516   49.4257
0.68   53.9274
0.825   58.6978
1.007   61.7525
1.17   62.7126
1.316   66.6978
1.479   72.7149
1.661   77.9869
1.806   79.7786
1.988   81.6844
2.134   83.7299
2.297   88.421
2.461   91.3188
2.624   92.5753
2.788   92.8943
2.951   93.6274
3.133   95.4697
3.297   102.5974
3.442   106.576
3.606   105.272
3.769   104.179
3.933   107.572
4.096   103.483
4.26   101.902
4.423   94.4552
4.587   94.2921
4.751   91.561
4.914   90.8117
5.078   89.4212
5.241   87.1608
5.405   84.0856
5.568   81.765
5.732   79.3417
5.896   77.6652
6.059   75.9704
6.223   75.0202
6.386   73.4417
6.532   71.2582
6.732   68.7484
6.877   68.262
