1111111111111111111111111
1100000000000000111111111
1100000000000000111111111
1100000000000000111111111
1100000000000000111111111
1100000000000000111111111
1100000000000000111111111
1100000000000000111111111
1100000000000000111111111
1100000000000000111111111
1100000000000000111111111
1100000000000000111111111
1100000000000000111111111
1100000000000000111111111
1100000000000000111111111
1100000000000000111111111
1100000000000000111111111
1100000000000000111111111
1100000000000000111111111
1100000000000000111111111
1100000000000000111111111
1100000000000000111111111
1100000000000000111111111
1100000000000000111111111
1100000000000000111111111
1100000000000000111111111
1100000000000000111111111
1100000000000000111111111
1100000000000000111111111
1100000000000000111111111
1100000000000000111111111
1100000000000000111111111
1100000000000000111111111
1100000000000000111111111
1100000000000000111111111
1100000000000000111111111
1111111111111111111111111
