0.3	85.
0.6	95.
0.8	106.
1.0	190.
2.0	250.
2.8	275.
3.76   296.984
4.102   299.247
4.443   299.813
4.785   302.217
5.127   302.641
5.469   305.045
5.811   305.47
6.152   305.47
6.494   306.884
6.836   307.591
7.178   308.157
7.519   308.581
7.861   308.722
8.203   310.278
8.545   310.419
8.887   309.146
9.228   309.429
9.57   309.571
9.912   308.439
10.254   307.308
10.596   307.167
10.937   305.894
11.279   305.47
11.621   304.055
11.963   302.641
12.305   301.227
12.646   299.813
12.988   298.398
13.33   296.984
13.672   295.57
14.014   294.156
14.355   292.742
14.697   289.913
15.039   287.085
15.381   284.256
15.723   280.014
16.064   275.771
16.406   274.357
16.748   272.943
17.09   271.528
17.432   270.114
17.773   268.7
18.115   268.559
18.457   267.569
18.799   266.72
19.141   266.154
19.482   265.589
19.824   265.023
20.166   264.882
20.508   264.457
20.849   264.316
21.191   263.75
21.533   263.326
21.875   262.902
22.217   262.195
22.558   262.053
22.9   261.912
23.242   261.488
23.584   260.639
23.926   260.215
24.267   260.073
24.609   259.083
24.951   258.659
25.293   256.396
25.635   255.831
25.976   253.568
26.318   251.73
26.66   251.588
27.002   248.901
27.344   247.487
27.685   246.073
28.027   244.658
28.369   243.244
28.711   241.83
29.053   240.416
29.394   239.002
29.736   237.587
30.078   236.173
30.42   234.759
30.762   233.345
31.103   230.516
31.445   227.688
31.787   224.86
32.129   223.445
32.471   222.031
32.812   220.617
33.154   219.203
33.496   217.788
33.838   216.374
34.179   214.96
34.521   213.546
34.863   212.132
35.205   210.717
35.547   209.303
35.888   207.889
36.23   206.475
36.572   205.061
36.914   203.646
37.256   202.232
37.597   200.818
37.939   199.404
38.281   197.99
38.623   196.575
38.965   195.161
39.306   193.747
39.648   192.333
39.99   190.918
40.332   189.504
40.674   188.09
41.015   186.676
41.357   185.262
41.699   183.847
42.041   182.433
42.383   182.433
42.724   181.019
43.066   179.605
43.408   179.322
43.75   178.615
44.092   178.191
44.433   177.908
44.775   176.776
45.117   176.352
45.459   175.362
45.801   174.796
46.142   174.231
46.484   173.948
46.826   173.382
47.168   172.675
47.51   172.251
47.851   172.109
48.193   171.968
48.535   171.827
48.877   171.544
49.218   171.119
49.56   170.978
49.902   170.837
50.244   170.13
50.586   168.291
50.927   166.877
51.269   165.463
51.611   164.048