0.5	40.0
0.9	60.
1.2	 110.
1.4	130.
2.0	195.
2.896   229.639
3.103   230.753
3.31   232.188
3.516   233.219
3.723   234.209
3.93   235.861
4.137   236.966
4.344   237.417
4.551   238.417
4.758   239.799
4.964   240.417
5.171   239.635
5.378   238.684
5.585   237.938
5.792   235.93
5.999   233.259
6.206   230.492
6.412   229.224
6.619   226.811
6.826   222.657
7.033   221.285
7.24   219.447
7.447   218.073
7.654   217.486
7.86   216.248
8.067   215.764
8.274   214.021
8.481   213.955
8.688   211.078
8.895   210.445
9.101   208.818
9.308   205.83
9.515   200.862
9.722   196.87
9.929   195.476
10.136   194.455
10.343   193.644
10.549   192.81
10.756   192.071
10.963   191.906
11.17   191.885
11.377   190.823
11.584   190.576
11.791   189.723
11.997   189.401
12.204   187.995
12.411   187.24
12.618   186.6
12.825   185.146
13.032   182.953
13.238   181.722
13.445   181.145
13.652   180.182
13.859   179.083
14.066   176.698
14.273   176.247
14.48   174.471
14.686   173.716
14.893   172.88
15.1   171.43
15.307   170.868
15.514   170.452
15.721   170.331
15.928   170.251
16.134   169.989
16.341   169.172
16.548   167.27
16.755   166.084
16.962   164.815
17.169   163.643
17.376   162.279
17.582   161.98
17.789   160.44
17.996   159.546
18.203   158.153
18.41   157.19
18.617   156.091
18.823   152.274
19.03   151.409
19.237   149.59
19.444   145.227
19.651   144.489
19.858   141.246
20.065   138.386
20.271   137.621
20.478   136.255
20.685   135.532
20.892   131.405
21.099   129.089
21.306   128.456
21.513   126.932
21.719   124.357
21.926   123.146
22.133   124.59
22.34   124.477
22.547   123.306
22.754   122.453
22.961   121.6
23.167   120.532