0.5	40.0
0.9	60.
1.2	 110.
1.4	130.
2.0	170.
2.896   248.91
3.103   249.271
3.31   249.689
3.516   250.392
3.723   250.602
3.93   251.62
4.137   252.192
4.344   254.743
4.551   256.743
4.758   258.432
4.964   259.187
5.171   261.675
5.378   262.735
5.585   260.823
5.792   256.37
5.999   254.885
6.206   253.504
6.412   251.29
6.619   249.342
6.826   247.71
7.033   246.812
7.24   246.399
7.447   246.309
7.654   246.08
7.86   245.924
8.067   245.809
8.274   245.756
8.481   240.676
8.688   239.582
8.895   238.175
9.101   237.354
9.308   234.26
9.515   232.856
9.722   230.422
9.929   226.497
10.136   221.25
10.343   220.259
10.549   220.24
10.756   219.559
10.963   218.801
11.17   218.553
11.377   218.256
11.584   217.732
11.791   216.912
11.997   216.297
12.204   215.801
12.411   215.878
12.618   212.097
12.825   211.542
13.032   210.306
13.238   209.802
13.445   208.097
13.652   206.921
13.859   204.578
14.066   202.664
14.273  200.113
14.48   199.943
14.686   198.021
14.893   197.999
15.1   196.228
15.307   195.541
15.514   195.033
15.721   194.885
15.928   194.787
16.134   194.467
16.341   194.469
16.548   192.145
16.755   190.696
16.962   189.146
17.169   187.714
17.376   186.047
17.582   185.682
17.789   183.801
17.996   182.708
18.203   181.007
18.41   179.83
18.617   179.709
18.823   178.711
19.03   177.654
19.237   176.653
19.444   177.432
19.651   176.53
19.858   172.568
20.065   169.074
20.271   168.139
20.478   168.47
20.685   167.587
20.892   167.545
21.099   166.715
21.306   165.942
21.513   165.08
21.719   161.934
21.926   160.454
22.133   159.218
22.34   159.08
22.547   157.65
22.754   157.607
22.961   155.565
23.167   155.26