0.5     1.
1.0     200.
1.5     215.
1.9     215.
2.0     220.
2.5     225.
3.0     230.
3.5     235.
4.0     240.
4.5     248.
5.635   252.205
6.787   258.614
7.94   260.408
9.053   257.645
10.205   255.332
11.318   203.193
12.47   200.471
13.583   198.547
14.736   195.965
15.848   193.563
17.001   190.509
18.153   186.643
19.306   182.912
20.419   178.676
21.452   175.588
22.485   173.147
23.479   170.368
24.472   166.785
25.505   163.375
26.539   160.882
27.572   157.582
28.566   154.295
29.639   151.57
30.632   148.268
31.665   146.191
32.699   142.774
33.692   141.343
34.725   140.557



