1.0     75.
1.5     100.
1.9     110.
2.0     120.
2.5     130.
3.0     160.
3.5     190.
4.0     200.
4.5     205.
5.635   230.777
6.787   232.782
7.94   240.093
9.053   252.675
10.205   247.202
11.318   233.591
12.47   230.863
13.583   225.236
14.736   221.086
15.848   216.601
17.001   200.432
18.153   191.632
19.306   181.802
20.419   172.843
21.452   168.66
22.485   167.397
23.479   166.3
24.472   163.249
25.505   157.927
26.539   155.777
27.572   154.011
28.566   152.372
29.639   151.138
30.632   148.7
31.665   147.35
32.699   146.406
33.692   145.083
34.725   144.872


