0.1446	20.9665	 
0.2865	21.5019	 
0.4622	25.725	 
0.641	32.673	 
0.8074	39.766	 
1.096	45.915	 
1.437	55.279	 
1.853	64.41	 
2.293	73.2	 
2.597	80.33	 
3.078	84.24	 
3.461	89.06	 
3.841	91.9	 
4.324	94.03	 
4.803	95.9	 
5.283	97.01	 
5.731	97.52	 
6.763	97.53	 
8.236	96.38	 
9.708	93	 
11.19	88.83	 
12.65	84.59 
14.12	80.6	 
15.59	76.84	 
17.07	73.289	 
18.54	69.97	 
19.00   69.97
20.00   0
21.00   0
22.00   0
23.00   0
24.00   0
25.00   0
26.00   0
27.00   0
28.00   0
29.00   0
30.00   0
31.00   0
32.00   0
33.00   0
34.00   0
35.00   0
36.00   0
37.00   0
38.00   0
39.00   0
40.00   0
41.00   0
42.00   0
43.00   0
44.00   0
45.00   0
46.00   0
47.00   0
48.00   0
49.00   0
50.00   0
51.00   0
52.00   0
53.00   0
54.00   0
55.00   0
56.00   0
57.00   0
58.00   0
59.00   0
60.00   0
61.00   0
62.00   0
63.00   0
64.00   0
65.00   0
66.00   0
67.00   0
68.00   0
69.00   0
70.00   0
71.00   0
72.00   0
73.00   0
74.00   0
75.00   0
76.00   0
77.00   0
78.00   0
79.00   0
80.00   0
81.00   0
82.00   0
83.00   0
84.00   0
85.00   0
86.00   0
87.00   0
88.00   0
89.00   0
90.00   0
91.00   0
92.00   0
93.00   0
94.00   0
95.00   0
96.00   0
97.00   0
98.00   0
99.00   0
100.00   0