x	y
0.016	0.147
0.032	4.648
0.078	7.758
0.122	9.979
0.184	12.06
0.215	14.825
0.261	17.416
0.294	18.468
0.354	21.052
0.401	22.089
0.447	23.133
0.494	23.99
0.54	25.372
0.602	27.1
0.65	28.843
0.698	30.39
0.744	32.471
0.804	34.38
0.835	35.417
0.912	38.008
0.959	38.7
1.097	42.531
1.175	43.926
1.206	44.79
1.252	45.654
1.283	46.345
1.346	47.734
1.392	49.29
1.454	50.845
1.485	51.709
1.548	52.56
1.579	53.444
1.641	54.481
1.906	60.897
1.969	62.118
2.011	62.689
2.046	62.982
2.11	63.686
2.157	64.716
2.203	65.752
2.265	66.624
2.296	67.142
2.342	67.66
2.373	68.179
2.451	69.561
2.497	70.425
2.528	71.124
2.59	72.16
2.652	73.032
2.683	73.557
2.745	74.594
2.776	75.113
2.854	75.811
2.9	76.675
2.962	77.374
3.009	78.238
3.056	78.764
3.087	79.455
3.15	80.146
3.212	80.837
3.244	81.183
3.29	81.516
3.351	82.034
3.413	82.906
3.444	83.252
3.491	83.597
3.537	84.288
3.584	84.794
3.647	85.485
3.708	85.983
3.739	86.329
3.801	87.008
3.847	87.571
3.911	88.21
3.942	88.901
4.004	89.419
4.051	89.945
4.113	90.676
4.144	90.848
4.191	91.021
4.269	91.705
4.3	91.878
4.329	92.238
4.454	93.097
4.515	93.796
4.546	94.141
4.608	94.84
4.639	95.186
4.671	95.479
4.735	95.797
4.805	96.167
4.836	96.34
4.883	96.525
4.945	96.878
4.991	97.051
5.054	97.385
5.116	97.742
5.147	98.441
5.209	98.786
5.241	98.959
5.317	99.65
5.348	100.004
5.379	100.35
5.456	100.707
5.487	100.88
5.58	101.226
5.627	101.406
5.671	101.554
5.717	101.722
5.765	101.882
5.811	102.063
5.858	102.235
5.905	102.416
5.951	102.588
5.997	102.761
6.044	102.934
6.092	103.107
6.169	103.452
6.263	103.798
6.309	103.971
6.356	104.144
6.402	104.324
6.493	104.669
6.539	104.842
6.586	105.015
6.68	105.36
6.727	105.533
6.774	105.706
6.82	105.879
6.912	106.237
6.989	106.409
7.035	106.582
7.082	106.747
7.144	106.92
7.238	107.086
7.285	107.258
7.33	107.258
7.375	107.258
7.469	107.604
7.5	107.604
7.547	107.79
7.687	107.962
7.733	107.962
7.809	108.135
7.856	108.308
7.903	108.308
7.948	108.481
7.995	108.481
8.041	108.654
8.103	108.654
8.165	108.826
8.227	108.999
8.289	108.999
8.351	109.172
8.382	109.172
8.428	109.172
8.49	109.345
8.567	109.517
8.582	109.69
8.644	109.863
8.69	110.036
8.737	110.209
8.798	110.209
8.845	110.209
8.892	110.209
8.938	110.38
9.028	110.396
9.059	110.569
9.091	110.729
9.137	110.742
9.185	110.894
9.217	110.902
9.277	111.067
9.355	111.075
9.385	111.067
9.48	111.253
9.523	111.24
9.569	111.24
9.616	111.092
9.678	111.092
9.723	111.092
9.785	110.919
9.831	110.747
9.878	110.74
9.94	110.747
9.988	110.566
10.034	110.566
10.081	110.566
10.143	110.394
10.189	110.221
10.251	110.221
10.297	110.221
10.344	110.048
10.406	110.048
10.437	110.048
10.515	109.875
10.53	109.875
10.592	109.875
10.639	109.702
10.683	109.695
10.759	109.522
10.821	109.53
10.852	109.357
10.883	109.345
10.945	109.345
10.99	109.172
11.036	109.172
11.083	109.172
11.114	108.999
11.16	108.999
11.206	108.999
11.253	108.826
11.299	108.834
11.346	108.834
11.407	108.661
11.438	108.661
11.485	108.661
11.514	108.468
11.561	108.468
11.607	108.456
11.669	108.456
11.7	108.283
11.777	108.27
11.824	108.09
11.855	108.09
11.902	108.09
11.931	107.917
11.977	107.917
12.069	107.917
12.115	107.757
12.162	107.757
12.207	107.749
12.253	107.576
12.3	107.576
12.33	107.569
12.422	107.396
12.453	107.389
12.484	107.216
12.562	107.216
12.609	107.051
12.655	107.051
12.686	106.878
12.731	106.878
12.793	106.878
12.842	106.818
12.889	106.646
12.951	106.646
12.998	106.646
13.061	106.473
13.107	106.473
13.153	106.3
13.23	106.3
13.262	106.127
13.324	106.127
13.355	106.127
13.385	105.967
13.463	105.967
13.494	105.807
13.556	105.807
13.587	105.634
13.68	105.461
13.712	105.461
13.743	105.461
13.774	105.288
13.805	105.296
13.836	105.123
13.867	105.123
13.929	105.115
14.023	104.935
14.131	104.755
14.24	104.582
14.348	104.237
14.456	104.064
14.552	103.891
14.66	103.718
14.769	103.546
14.893	103.373
15.017	103.2
15.122	102.657
15.211	102.569
15.288	102.396
15.364	102.223
15.443	102.043
15.549	101.898
15.595	101.733
15.672	101.38
15.742	101.274
15.842	101.034
15.936	100.861
16.031	100.661
16.107	100.528
16.185	100.355
16.261	100.202
16.361	100.065
16.416	99.857
16.493	99.684
16.572	99.511
16.634	99.278
16.706	99.081
16.774	98.993
16.86	98.735
16.935	98.517
17	98.39
17.053	98.302
17.109	98.044
17.176	97.889
17.279	97.698
17.378	97.611
17.45	97.35317.538	97.123
17.605	97.007
17.687	96.912
17.76	96.662
17.826	96.506
17.915	96.316
18.011	96.221
18.101	96.143
18.172	95.913
18.24	95.798
18.305	95.542
18.366	95.252
18.431	95.124
18.52	94.906
18.599	94.851
18.69	94.553
18.776	94.358
18.83	94.208
18.893	93.987
18.969	93.862
19.019	93.742
19.115	93.561
19.187	93.468
19.271	93.215
19.348	92.976
19.416	92.825
19.481	92.77
19.541	92.48
19.607	92.351
19.711	92.13
19.823	91.906
19.912	91.789
20.013	91.593
20.081	91.443
20.165	91.38
20.236	91.105
20.318	90.969
20.405	90.759
20.506	90.682
20.607	90.426
20.693	90.211
20.762	89.928
20.847	89.83
20.901	89.747
20.968	89.587
21.04	89.402
21.109	89.311
21.18	89.056
21.251	88.809
21.336	88.523
21.419	88.448
21.506	88.35
21.587	88.205
21.676	88.005
21.758	87.756
21.847	87.507
21.916	87.426
22.001	87.161
22.067	87.065
22.141	86.988
22.221	86.815
22.31	86.643
22.392	86.374
22.481	86.124
22.55	86.044
22.636	85.791
22.733	85.676
22.821	85.618
22.902	85.44
23.007	85.273
23.118	84.997
23.208	84.754
23.305	84.641
23.394	84.409
23.459	84.298
23.549	84.224
23.63	84.058
23.703	83.878
23.785	83.78
23.874	83.524
23.969	83.254
24.044	83.006
24.111	82.908
24.184	82.673
24.249	82.675
24.354	82.501
24.467	82.23
24.556	81.967
24.65	81.88
24.727	81.614
24.839	81.551
24.942	81.433
25.024	81.293
25.113	81.088
25.226	80.86
25.314	80.562
25.391	80.497
25.484	80.377
25.566	80.169
25.654	80.03
25.751	79.911
25.839	79.678
25.938	79.638
26.056	79.505
26.148	79.288
26.211	78.987
26.255	78.814
26.309	78.774
26.379	78.641
26.464	78.541
26.548	78.308
26.648	78.083
26.764	77.797
26.878	77.725
27.012	77.452
27.113	77.392
27.212	77.279
27.3	77.159
27.381	76.934
27.453	76.873
27.58	76.588
27.682	76.343
27.797	76.07
27.886	76.01
27.999	75.724
28.089	75.616
28.23	75.378
28.366	75.146
28.509	75.033
28.616	74.95
28.695	74.687
28.756	74.687
28.891	74.627
28.973	74.342
29.035	74.342
29.173	74.407
29.267	74.342
29.338	74.109
29.422	73.838
29.481	73.555
29.545	73.32
29.616	73.084
29.744	72.851
29.791	72.634
29.863	72.566
29.931	72.289
29.992	72.173