x	y
0.003	90.521
0.030	92.502
0.057	94.086
0.085	95.671
0.112	96.859
0.140	98.047
0.167	98.840
0.194	100.028
0.222	100.820
0.249	101.612
0.277	102.801
0.304	103.989
0.331	104.781
0.359	105.573
0.386	106.762
0.414	107.950
0.441	109.138
0.468	110.327
0.496	111.515
0.523	112.703
0.551	113.892
0.578	115.080
0.606	116.268
0.633	117.457
0.660	118.645
0.688	119.833
0.715	121.022
0.743	122.210
0.770	123.398
0.797	124.190
0.825	125.379
0.852	126.171
0.880	127.359
0.907	128.152
0.934	129.340
0.962	130.528
0.989	131.320
1.017	132.113
1.044	132.905
1.071	133.697
1.099	134.489
1.126	135.281
1.154	136.074
1.181	136.470
1.208	136.866
1.236	137.658
1.263	138.450
1.291	138.846
1.318	139.243
1.345	139.639
1.373	140.035
1.400	140.431
1.428	140.827
1.455	141.223
1.483	141.619
1.510	142.015
1.537	142.411
1.565	142.808
1.592	143.204
1.620	143.600
1.647	143.996
1.674	144.392
1.702	144.788
1.729	145.184
1.757	145.184
1.784	145.580
1.811	145.580
1.839	145.976
1.866	145.976
1.894	145.976
1.921	146.372
1.948	146.769
1.976	146.769
2.003	147.165
2.031	147.165
2.058	147.165
2.085	147.561
2.113	147.561
2.140	147.957
2.168	147.957
2.195	147.957
2.222	148.353
2.250	148.353
2.277	148.749
2.305	148.749
2.332	148.749
2.360	149.145
2.387	149.145
2.414	149.145
2.433	149.382
2.461	149.382
2.488	149.778
2.516	149.778
2.543	149.778
2.570	150.174
2.598	150.174
2.625	150.174
2.653	150.174
2.688	150.334
2.716	150.730
2.743	150.730
2.771	150.730
2.798	150.730
2.825	151.126
2.853	151.126
2.880	151.126
2.908	151.126
2.935	151.126
2.962	151.522
2.990	151.522
3.017	151.522
3.045	151.522
3.072	151.918
3.099	151.918
3.127	151.918
3.154	151.918
3.182	152.314
3.209	152.314
3.237	152.314
3.264	152.314
3.291	152.314
3.319	152.710
3.346	152.710
3.374	152.710
3.401	152.710
3.428	152.710
3.456	152.710
3.483	152.710
3.511	153.106
3.538	153.106
3.565	153.106
3.593	153.106
3.620	153.502
3.648	153.502
3.675	153.502
3.702	153.502
3.730	153.502
3.757	153.502
3.785	153.502
3.812	153.898
3.839	153.898
3.867	153.898
3.894	153.898
3.922	153.898
3.949	153.898
3.976	153.898
4.004	153.898
4.031	153.898
4.059	154.295
4.086	154.295
4.114	154.295
4.141	154.295
4.168	154.295
4.196	154.691
4.223	154.691
4.251	154.691
4.278	154.691
4.305	154.691
4.333	154.691
4.360	154.691
4.388	155.087
4.415	155.087
4.442	155.087
4.470	155.087
4.497	155.087
4.525	155.087
4.552	155.087
4.579	155.087
4.607	155.087
4.634	155.087
4.662	155.087
4.689	155.087
4.716	155.087
4.744	155.483
4.771	155.483
4.799	155.483
4.826	155.483
4.853	155.483
4.881	155.483
4.908	155.483
4.936	155.483
4.963	155.483
4.991	155.483
5.018	155.483
5.045	155.483
5.073	155.483
5.100	155.483
5.128	155.483
5.155	155.483
5.182	155.483
5.210	155.483
5.237	155.483
5.265	155.483
5.292	155.879
5.319	155.879
5.347	155.879
5.374	155.879
5.402	155.879
5.429	155.879
5.456	155.879
5.484	155.879
5.511	155.879
5.539	155.879
5.566	155.879
5.593	155.879
5.621	155.879
5.648	155.879
5.676	155.879
5.703	155.879
5.730	155.879
5.758	155.879
5.785	155.879
5.813	155.879
5.840	155.879
5.868	155.879
5.895	155.879
5.922	155.879
5.950	155.879
5.977	155.879
6.005	155.879
6.032	155.879
6.059	155.879
6.087	155.879
6.114	155.879
6.142	155.879
6.169	155.879
6.196	155.879
6.224	155.879
6.251	155.879
6.279	155.483
6.306	155.483
6.333	155.483
6.361	155.483
6.388	155.483
6.416	155.483
6.443	155.483
6.470	155.483
6.498	155.483
6.525	155.483
6.553	155.483
6.580	155.483
6.607	155.483
6.635	155.483
6.662	155.483
6.690	155.087
6.717	155.087
6.745	155.087
6.772	155.087
6.799	155.087
6.827	155.087
6.854	155.087
6.882	155.087
6.909	155.087
6.936	155.087
6.964	155.087
6.991	154.691
7.019	154.691
7.046	154.691
7.073	154.691
7.101	154.691
7.128	154.691
7.156	154.691
7.183	154.691
7.210	154.691
7.238	154.691
7.265	154.691
7.293	154.691
7.320	154.295
7.347	154.295
7.375	154.295
7.402	154.295
7.430	154.295
7.457	154.295
7.484	153.898
7.512	153.898
7.539	153.898
7.567	153.898
7.594	153.898
7.622	153.898
7.649	153.898
7.676	153.898
7.704	153.502
7.731	153.502
7.759	153.502
7.786	153.502
7.813	153.502
7.841	153.502
7.868	153.502
7.896	153.106
7.923	153.106
7.950	153.106
7.978	153.106
8.005	153.106
8.033	153.106
8.060	152.710
8.087	152.710
8.115	152.710
8.142	152.710
8.170	152.710
8.197	152.710
8.224	152.314
8.252	152.314
8.279	152.314
8.307	152.314
8.334	152.314
8.361	152.314
8.389	151.918
8.416	151.918
8.444	151.918
8.471	151.918
8.498	151.522
8.526	151.522
8.553	151.522
8.581	151.522
8.608	151.126
8.636	151.126
8.663	151.126
8.690	151.126
8.718	151.126
8.745	151.126
8.773	150.730
8.800	150.730
8.827	150.730
8.855	150.730
8.882	150.730
8.910	150.334
8.937	150.334
8.964	150.334
8.992	150.334
9.019	149.937
9.047	149.937
9.074	149.937
9.101	149.937
9.129	149.937
9.156	149.937
9.184	149.541
9.211	149.541
9.239	149.540
9.266	149.540
9.293	149.144
9.321	149.144
9.348	149.144
9.376	149.144
9.403	148.748
9.430	148.748
9.458	148.748
9.485	148.748
9.513	148.748
9.540	148.351
9.567	148.351
9.595	148.351
9.622	148.351
9.650	147.955
9.677	147.955
9.704	147.955
9.732	147.955
9.759	147.559
9.787	147.559
9.814	147.559
9.842	147.559
9.869	147.163
9.896	147.163
9.924	146.767
9.951	146.767
9.979	146.767
10.006	146.767
10.033	146.767
10.061	146.371
10.088	146.371
10.116	146.371
10.143	145.975
10.170	145.975
10.198	145.975
10.225	145.975
10.253	145.975
10.280	145.579
10.307	145.579
10.335	145.579
10.362	145.579
10.390	145.579
10.417	145.579
10.444	145.183
10.472	145.183
10.499	145.183
10.527	144.786
10.554	144.786
10.581	144.786
10.609	144.786
10.636	144.390
10.664	144.390
10.691	144.390
10.719	143.994
10.746	143.994
10.773	143.994
10.801	143.994
10.828	143.994
10.856	143.994
10.883	143.598
10.910	143.598
10.938	143.598
10.965	143.202
10.993	143.202
11.020	143.202
11.047	143.202
11.075	142.806
11.102	142.806
11.130	142.806
11.157	142.410
11.184	142.410
11.212	142.410
11.239	142.410
11.267	142.014
11.294	142.014
11.321	142.014
11.349	141.618
11.376	141.618
11.404	141.618
11.431	141.222
11.458	141.222
11.486	141.222
11.513	141.222
11.541	140.825
11.568	140.825
11.596	140.429
11.623	140.429
11.650	140.429
11.678	140.033
11.705	140.033
11.733	140.033
11.760	140.033
11.787	139.637
11.815	139.637
11.842	139.637
11.870	139.637
11.897	139.637
11.924	139.241
11.952	139.241
11.979	139.241
12.007	139.241
12.034	138.845
12.061	138.845
12.089	138.845
12.116	138.845
12.144	138.449
12.171	138.449
12.198	138.449
12.226	138.053
12.253	138.053
12.281	138.053
12.308	138.053
12.335	137.657
12.363	137.657
12.390	137.657
12.418	137.657
12.445	137.260
12.472	137.260
12.500	137.260
12.527	137.260
12.555	136.864
12.582	136.864
12.610	136.864
12.637	136.864
12.664	136.468
12.692	136.468
12.719	136.468
12.747	136.072
12.774	136.072
12.801	136.072
12.829	135.676
12.856	135.676
12.884	135.676
12.911	135.676
12.938	135.280
12.966	135.280
12.993	135.280
13.021	134.884
13.048	134.884
13.075	134.884
13.103	134.884
13.130	134.488
13.158	134.488
13.185	134.488
13.212	134.488
13.240	134.092
13.267	134.092
13.295	134.092
13.322	134.092
13.349	133.696
13.377	133.696
13.404	133.299
13.432	133.299
13.459	133.299
13.487	133.299
13.514	133.299
13.541	132.903
13.569	132.903
13.596	132.507
13.624	132.507
13.651	132.507
13.678	132.507
13.706	132.507
13.733	132.111
13.761	132.111
13.788	132.111
13.815	132.111
13.843	131.715
13.870	131.715
13.898	131.715
13.925	131.319
13.952	131.319
13.980	131.319
14.007	131.319
14.035	130.923
14.062	130.923
14.089	130.923
14.117	130.527
14.144	130.527
14.172	130.527
14.199	130.131
14.226	130.131
14.254	130.131
14.281	130.131
14.309	129.734
14.336	129.734
14.364	129.734
14.391	129.734
14.418	129.734
14.446	129.338
14.473	129.338
14.501	129.338
14.528	129.338
14.555	128.942
14.583	128.942
14.610	128.942
14.638	128.546
14.665	128.546
14.692	128.546
14.720	128.150
14.747	128.150
14.775	128.150
14.802	127.754
14.829	127.754
14.857	127.754
14.884	127.754
14.912	127.358
14.939	127.358
14.966	127.358
14.994	127.358
15.021	126.962
15.049	126.962
15.076	126.962
15.103	126.962
15.131	126.566
15.158	126.566
15.186	126.169
15.213	126.169
15.241	126.169
15.268	126.169
15.295	125.773
15.323	125.773
15.350	125.773
15.378	125.773
15.405	125.377
15.432	125.377
15.460	125.377
15.487	125.377
15.515	124.981
15.542	124.981
15.569	124.981
15.597	124.981
15.624	124.585
15.652	124.585
15.679	124.585
15.706	124.189
15.734	124.189
15.761	124.189
15.789	123.793
15.816	123.793
15.843	123.793
15.871	123.397
15.898	123.397
15.926	123.397
15.953	123.397
15.980	123.397
16.008	123.001
16.035	123.001
16.063	123.001
16.090	123.001
16.118	122.605
16.145	122.605
16.172	122.605
16.200	122.605
16.227	122.208
16.255	122.208
16.282	122.208
16.309	121.812
16.337	121.812
16.364	121.812
16.392	121.416
16.419	121.416
16.446	121.416
16.474	121.416
16.501	121.416
16.529	121.020
16.556	121.020
16.583	121.020
16.611	120.624
16.638	120.624
16.666	120.624
16.693	120.624
16.720	120.624
16.748	120.228
16.775	120.228
16.803	120.228
16.830	119.832
16.857	119.832
16.885	119.832
16.912	119.832
16.940	119.436
16.967	119.436
16.995	119.436
17.022	119.040
17.049	119.040
17.077	119.040
17.104	119.040
17.132	119.040
17.159	118.643
17.186	118.643
17.214	118.643
17.241	118.643
17.269	118.643
17.296	118.247
17.323	118.247
17.351	118.247
17.378	118.247
17.406	117.851
17.433	117.851
17.460	117.851
17.488	117.851
17.515	117.455
17.543	117.455
17.570	117.455
17.597	117.455
17.625	117.059
17.652	117.059
17.680	117.059
17.707	117.059
17.734	116.663
17.762	116.663
17.789	116.663
17.817	116.663
17.844	116.267
17.871	116.267
17.899	116.267
17.926	116.267
17.954	115.871
17.981	115.871
18.008	115.871
18.036	115.871
18.063	115.871
18.091	115.475
18.118	115.475
18.145	115.475
18.173	115.475
18.200	115.078
18.228	115.078
18.255	115.078
18.282	115.078
18.310	114.682
18.337	114.682
18.365	114.682
18.392	114.682
18.420	114.682
18.447	114.286
18.474	114.286
18.502	114.286
18.529	114.286
18.557	113.890
18.584	113.890
18.611	113.890
18.639	113.890
18.666	113.494
18.694	113.494
18.721	113.494
18.748	113.494
18.776	113.494
18.803	113.098
18.831	113.098
18.858	113.098
18.885	113.098
18.913	113.098
18.940	112.702
18.968	112.702
18.995	112.306
19.022	112.306
19.050	112.306
19.077	112.306
19.105	112.306
19.132	112.306
19.159	111.910
19.187	111.910
19.214	111.910
19.242	111.910
19.269	111.514
19.297	111.514
19.324	111.514
19.351	111.514
19.379	111.117
19.406	111.117
19.434	111.117
19.461	111.117
19.488	110.721
19.516	110.721
19.543	110.721
19.571	110.721
19.598	110.721
19.625	110.325
19.653	110.325
19.680	110.325
19.708	110.325
19.735	109.929
19.762	109.929
19.790	109.929
19.817	109.929
19.845	109.533
19.872	109.533
19.899	109.533
19.927	109.533
19.954	109.137
19.982	109.137
20.009	109.137
21.00   0
22.00   0
23.00   0
24.00   0
25.00   0
26.00   0
27.00   0
28.00   0
29.00   0
30.00   0
31.00   0
32.00   0
33.00   0
34.00   0
35.00   0
36.00   0
37.00   0
38.00   0
39.00   0
40.00   0
41.00   0
42.00   0
43.00   0
44.00   0
45.00   0
46.00   0
47.00   0
48.00   0
49.00   0
50.00   0
51.00   0
52.00   0
53.00   0
54.00   0
55.00   0
56.00   0
57.00   0
58.00   0
59.00   0
60.00   0
61.00   0
62.00   0
63.00   0
64.00   0
65.00   0
66.00   0
67.00   0
68.00   0
69.00   0
70.00   0
71.00   0
72.00   0
73.00   0
74.00   0
75.00   0
76.00   0
77.00   0
78.00   0
79.00   0
80.00   0
81.00   0
82.00   0
83.00   0
84.00   0
85.00   0
86.00   0
87.00   0
88.00   0
89.00   0
90.00   0
91.00   0
92.00   0
93.00   0
94.00   0
95.00   0
96.00   0
97.00   0
98.00   0
99.00   0
100.00   0