x	y
0.350	52.735
0.399	54.418
0.453	56.059
0.500	57.762
0.550	59.188
0.603	61.013
0.648	62.592
0.700	64.184
0.751	65.913
0.797	67.693
0.846	69.139
0.897	70.737
0.952	72.316
1.002	73.843
1.046	76.134
1.097	77.651
1.146	79.605
1.204	81.938
1.250	83.563
1.304	85.406
1.347	86.584
1.401	88.072
1.451	89.569
1.502	90.514
1.545	92.112
1.603	93.333
1.647	94.055
1.701	94.962
1.746	95.531
1.800	96.446
1.852	97.188
1.901	97.820
1.954	98.623
1.995	99.600
2.046	100.372
2.104	101.267
2.148	102.338
2.203	103.324
2.253	104.343
2.301	105.646
2.353	106.489
2.447	107.557
2.501	108.839
2.546	109.500
2.597	110.151
2.652	110.793
2.695	111.291
2.747	111.554
2.800	111.838
2.852	112.469
2.904	112.902
2.951	113.563
3.004	113.999
3.047	114.488
3.101	114.996
3.150	115.321
3.198	115.819
3.248	116.145
3.300	116.897
3.346	117.567
3.402	118.046
3.446	118.525
3.501	119.094
3.552	119.266
3.598	119.420
3.646	119.827
3.695	120.000
3.752	120.478
3.796	120.676
3.848	120.911
3.902	121.165
3.948	121.592
3.997	122.018
4.048	122.343
4.097	122.669
4.153	123.056
4.199	123.310
4.252	123.779
4.303	123.994
4.353	124.247
4.401	124.534
4.447	124.866
4.502	125.081
4.553	125.244
4.595	125.316
4.646	125.488
4.700	125.752
4.751	125.905
4.803	125.990
4.852	126.233
4.900	126.233
4.954	126.406
4.996	126.651
5.045	126.823
5.096	126.998
5.151	127.252
5.204	127.496
5.246	127.669
5.300	127.760
5.349	127.903
5.400	128.147
5.451	128.382
5.502	128.453
5.553	128.453
5.599	128.698
5.650	128.698
5.700	128.698
5.746	128.698
5.796	128.698
5.854	128.932
5.897	128.932
5.949	128.932
5.998	128.932
6.050	129.166
6.100	129.166
6.145	129.166
6.202	129.329
6.247	129.329
6.295	129.329
6.351	129.329
6.395	129.442
6.453	129.595
6.498	129.595
6.548	129.605
6.599	129.684
6.651	129.684
6.703	129.684
6.751	129.684
6.804	129.846
6.849	129.918
6.902	129.918
6.945	130.009
6.999	129.954
7.046	130.117
7.101	130.117
7.153	130.127
7.198	130.127
7.248	130.127
7.301	130.137
7.347	130.137
7.399	130.137
7.449	130.137
7.500	130.137
7.550	129.892
7.600	129.892
7.651	129.892
7.703	129.892
7.753	129.892
7.796	129.811
7.845	129.649
7.895	129.622
7.952	129.622
7.998	129.622
8.053	129.631
8.097	129.631
8.153	129.631
8.198	129.397
8.248	129.397
8.295	129.388
8.346	129.326
8.397	129.091
8.450	129.081
8.503	129.091
8.551	128.939
8.602	128.925
8.652	128.925
8.701	128.690
8.751	128.690
8.797	128.690
8.853	128.680
8.895	128.680
8.946	128.680
9.003	128.680
9.048	128.446
9.095	128.446
9.146	128.446
9.198	128.222
9.248	128.101
9.299	128.101
9.350	128.101
9.395	128.091
9.448	128.101
9.496	127.856
9.551	127.866
9.601	127.681
9.654	127.538
9.700	127.538
9.745	127.294
9.795	127.251
9.846	127.251
9.902	127.170
9.946	127.170
9.996	127.170
10.051	127.098
10.100	126.945
10.150	126.945
10.203	126.720
10.254	126.496
10.295	126.435
10.350	126.446
10.403	126.456
10.449	126.446
10.501	126.222
10.549	126.202
10.601	126.010
10.649	126.020
10.698	125.919
10.750	125.951
10.798	125.798
10.852	125.645
10.904	125.379
10.946	125.157
10.999	124.995
11.051	124.770
11.100	124.680
11.148	124.680
11.203	124.607
11.254	124.607
11.304	124.517
11.349	124.331
11.404	124.279
11.453	124.289
11.495	124.025
11.554	123.964
11.596	123.895
11.651	123.824
11.700	123.589
11.745	123.589
11.802	123.426
11.848	123.182
11.897	123.182
11.949	123.039
12.000	123.039
12.053	122.814
12.099	122.814
12.150	122.742
12.197	122.590
12.249	122.355
12.300	122.192
12.345	121.968
12.402	121.734
12.450	121.636
12.495	121.636
12.545	121.401
12.595	121.167
12.649	121.238
12.697	121.248
12.754	121.248
12.797	121.096
12.852	121.115
12.895	120.880
12.952	120.880
13.001	120.717
13.049	120.585
13.101	120.575
13.152	120.503
13.203	120.269
13.245	120.034
13.304	119.872
13.347	119.872
13.400	119.780
13.452	119.637
13.504	119.575
13.551	119.413
13.597	119.311
13.649	119.129
13.700	119.077
13.749	119.077
13.800	118.833
13.849	118.680
13.904	118.445
13.951	118.283
14.004	118.110
14.046	118.110
14.100	118.110
14.151	117.866
14.196	117.857
14.247	117.622
14.300	117.622
14.346	117.622
14.397	117.440
14.454	117.449
14.501	117.206
14.550	116.971
14.603	116.737
14.654	116.737
14.698	116.737
14.749	116.389
14.798	116.407
14.847	116.318
14.899	116.020
14.949	116.040
14.998	115.806
15.050	115.806
15.100	115.561
15.145	115.500
15.201	115.500
15.254	115.246
15.303	115.246
15.345	115.083
15.397	115.001
15.452	114.920
15.501	114.767
15.554	114.523
15.602	114.455
15.649	114.513
15.704	114.373
15.752	114.210
15.795	113.966
15.847	113.966
15.903	113.794
15.950	113.569
16.002	113.569
16.046	113.569
16.104	113.334
16.148	113.100
16.204	112.865
16.254	112.846
16.296	112.846
16.354	112.612
16.397	112.612
16.451	112.520
16.501	112.520
16.550	112.286
16.601	112.166
16.649	112.166
16.696	112.013
16.751	111.859
16.800	111.697
16.849	111.697
16.898	111.616
16.951	111.453
16.999	111.219
17.045	111.063
17.101	110.910
17.151	110.834
17.197	110.844
17.252	110.610
17.299	110.610
17.352	110.365
17.395	110.365
17.452	110.202
17.495	110.202
17.546	109.978
17.600	109.978
17.650	109.744
17.695	109.744
17.750	109.499
17.802	109.572
17.854	109.337
17.896	109.103
17.954	109.103
17.997	108.868
18.054	108.868
18.096	108.634
18.154	108.634
18.197	108.400
18.245	108.380
18.304	108.217
18.347	108.208
18.397	108.035
18.447	108.035
18.502	107.807
18.550	107.807
18.599	107.644
18.648	107.644
18.696	107.409
18.754	107.338
18.796	107.103
18.853	107.103
18.903	106.859
18.946	106.859
19.003	106.625
19.045	106.625
19.095	106.390
19.153	106.390
19.203	106.156
19.246	106.156
19.303	105.922
19.350	105.922
19.403	105.687
19.449	105.687
19.498	105.687
19.550	105.453
19.597	105.453
19.646	105.219
19.704	105.219
19.750	105.056
19.801	105.056
19.845	104.822
19.904	104.812
19.947	104.568
19.999	104.568
20.047	104.333
20.097	104.333
20.151	104.099
20.200	104.038
20.249	104.038
20.303	103.803
20.348	103.803
20.398	103.578
20.450	103.578
20.504	103.578
20.546	103.344
20.597	103.344
20.653	103.182
20.696	102.947
20.745	102.866
20.803	102.866
20.846	102.621
20.896	102.621
20.945	102.387
21.002	102.387
21.045	102.387
21.101	102.153
21.151	102.153
21.195	101.856
21.246	101.856
21.304	101.622
21.347	101.550
21.401	101.560
21.453	101.326
21.499	101.326
21.551	101.163
21.599	101.163
21.650	100.929
21.701	100.929
21.753	100.694
21.803	100.694
21.846	100.694
21.902	100.460
21.953	100.460
22.001	100.470
22.050	100.236
22.098	100.246
22.148	100.083
22.198	100.083
22.253	99.848
22.295	99.848
22.348	99.685
22.403	99.685
22.454	99.533
22.497	99.543
22.548	99.360
22.604	99.350
22.645	99.125
22.696	99.125
22.753	98.963
22.803	98.963
22.846	98.748
22.903	98.677
22.946	98.677
22.995	98.432
23.052	98.432
23.096	98.198
23.154	98.198
23.204	98.035
23.251	98.035
23.302	97.781
23.352	97.781
23.401	97.618
23.447	97.628
23.504	97.628
23.546	97.394
23.596	97.302
23.653	97.302
23.695	97.068
23.750	97.058
23.798	96.915
23.846	96.915
23.903	96.681
23.946	96.681
24.003	96.681
24.046	96.518
24.100	96.518
24.150	96.294
24.200	96.059
24.251	96.059
24.297	95.825
24.347	95.825
24.395	95.825
24.445	95.591
24.497	95.591
24.551	95.591
24.604	95.356
24.653	95.366
24.704	95.366
24.747	95.122
24.801	95.112
24.846	95.103
24.901	94.877
24.947	94.868
25.002	94.868
25.047	94.634
25.098	94.582
25.151	94.519
25.196	94.438
25.247	94.337
25.295	94.103
25.351	94.103
25.397	94.093
25.454	94.103
25.504	93.960
25.552	93.960
25.595	93.797
25.653	93.716
25.704	93.481
25.753	93.481
25.801	93.247
25.847	93.201
25.898	93.120
25.947	93.120
26.001	93.120
26.047	92.952
26.101	92.952
26.149	92.871
26.201	92.871
26.251	92.636
26.303	92.636
26.354	92.473
26.402	92.473
26.452	92.483
26.495	92.249
26.553	92.249
26.596	92.249
26.648	92.005
26.697	92.005
26.754	92.005
26.798	91.770
26.849	91.770
26.896	91.699
26.953	91.465
26.995	91.465
27.052	91.465
27.099	91.240
27.147	91.250
27.203	91.259
27.253	91.025
27.296	91.025
27.349	90.801
27.400	90.801
27.454	90.638
27.496	90.638
27.546	90.638
27.603	90.403
27.647	90.403
27.696	90.169
27.748	90.169
27.802	90.054
27.846	90.054
27.903	90.054
27.946	90.034
28.003	89.799
28.048	89.799
28.098	89.565
28.147	89.637
28.204	89.637
28.254	89.403
28.298	89.403
28.349	89.403
28.400	89.169
28.447	89.169
28.498	89.169
28.549	89.006
28.597	89.006
28.653	88.771
28.697	88.780
28.751	88.780
28.802	88.546
28.852	88.546
28.903	88.546
28.945	88.312
29.004	88.312
29.047	88.312
29.101	88.312
29.152	88.077
29.200	88.077
29.249	88.077
29.302	88.077
29.349	87.843
29.396	87.772
29.446	87.772
29.495	87.772
29.545	87.537
29.600	87.537
29.650	87.303
29.698	87.231
29.753	87.231
29.795	87.170
29.850	87.170
29.895	86.936
29.947	86.936
30.002	86.782
30.054	86.773
30.095	86.773
30.153	86.716
30.199	86.787
30.254	86.706
30.299	86.706
30.354	86.482
30.395	86.501
30.450	86.501
30.497	86.266
30.550	86.266
30.604	86.277
30.646	86.042
30.703	86.042
30.747	85.798
30.797	85.819
30.845	85.819
30.900	85.819
30.948	85.584
31.001	85.584
31.045	85.411
31.103	85.411
31.148	85.389
31.195	85.372
31.250	85.219
31.295	85.209
31.347	85.200
31.398	84.966
31.450	84.966
31.495	84.956
31.545	84.721
31.602	84.721
31.647	84.721
31.695	84.497
31.752	84.497
31.802	84.497
31.853	84.497
31.898	84.334
31.954	84.334
32.004	84.334
32.053	84.028
32.099	84.018
32.151	84.018
32.197	84.018
32.247	83.784
32.296	83.784
32.348	83.784
32.396	83.784
32.445	83.621
32.503	83.621
32.550	83.621
32.595	83.621
32.652	83.386
32.703	83.386
32.754	83.386
32.797	83.386
32.851	83.223
32.902	83.204
32.949	83.204
33.000	83.204
33.051	82.970
33.102	82.970
33.148	82.970
33.201	82.970
33.246	82.736
33.303	82.736
33.353	82.736
33.401	82.736
33.445	82.693
33.498	82.478
33.551	82.528
33.598	82.518
33.649	82.518
33.699	82.283
33.753	82.283
33.802	82.283
33.853	82.283
33.897	82.049
33.948	82.049
34.001	82.049
34.051	82.049
34.101	81.825
34.145	81.825
34.204	81.825
34.253	81.825
34.304	81.580
34.352	81.499
34.404	81.499
34.446	81.499
34.498	81.336
34.549	81.346
34.600	81.336
34.650	81.336
34.695	81.059
34.750	81.059
34.799	80.988
34.849	80.978
34.895	80.734
34.952	80.734
34.995	80.734
35.052	80.734
35.095	80.500
35.145	80.500
35.195	80.500
35.252	80.500
35.304	80.266
35.354	80.266
35.396	80.245
35.453	80.245
35.497	80.002
35.547	80.011
35.604	80.011
35.648	80.021
35.700	79.777
35.750	79.777
35.802	79.777
35.852	79.777
35.904	79.777
35.951	79.614
35.996	79.614
36.053	79.614
36.099	79.624
36.150	79.379
36.200	79.379
36.254	79.269
36.295	79.220
36.353	79.220
36.396	79.220
36.450	79.191
36.502	78.976
36.550	78.894
36.602	78.894
36.653	78.894
36.704	78.904
36.753	78.894
36.799	78.660
36.845	78.660
36.902	78.660
36.952	78.660
36.995	78.660
37.053	78.425
37.099	78.425
37.153	78.425
37.203	78.425
37.245	78.425
37.302	78.191
37.354	78.191
37.397	78.191
37.452	78.201
37.495	78.201
37.545	77.967
37.603	77.967
37.646	77.967
37.700	77.967
37.753	77.967
37.804	77.732
37.854	77.732
37.898	77.743
37.954	77.743
37.998	77.661
38.049	77.427
38.100	77.427
38.154	77.427
38.198	77.427
38.251	77.427
38.295	77.192
38.352	77.192
38.395	77.111
38.452	77.111
38.495	77.111
38.551	77.121
38.597	77.111
38.651	77.010
38.695	77.010
38.745	77.010
38.802	77.010
38.853	76.776
38.900	76.694
38.945	76.694
38.996	76.460
39.047	76.460
39.101	76.460
39.154	76.460
39.182	76.226
39.247	76.226
39.304	76.226
39.348	76.226
39.398	76.226
39.446	75.991
39.503	75.991
39.548	75.991
39.602	75.991
39.648	75.991
39.699	75.757
39.750	75.757
39.799	75.757
39.854	75.757
39.899	75.757
39.948	75.594
39.997	75.594
40.053	75.594
40.095	75.594
40.147	75.594
40.202	75.360
40.252	75.360
40.303	75.360
40.348	75.360
40.401	75.360
40.451	75.125
40.499	75.125
40.552	75.125
40.599	75.125
40.646	75.125
40.697	74.897
40.745	74.897
40.803	74.897
40.854	74.836
40.897	74.836
40.948	74.836
40.997	74.725
41.047	74.591
41.095	74.466
41.148	74.466
41.196	74.466
41.245	74.466
41.302	74.456
41.345	74.222
41.395	74.232
41.452	74.232
41.452	74.232
41.504	74.222
41.546	74.141
41.597	74.141
41.648	74.141
41.701	73.907
41.752	73.907
41.803	73.907
41.845	73.907
41.903	73.907
41.945	73.672
42.002	73.672
42.045	73.672
42.099	73.672
42.150	73.672
42.201	73.438
42.246	73.438
42.303	73.438
42.345	73.438
42.396	73.438
42.447	73.213
42.502	73.213
42.553	73.213
42.598	73.213
42.650	73.213
42.696	73.284
42.754	73.050
42.803	73.050
42.849	73.050
42.900	73.001
42.950	73.073
43.001	72.838
43.050	72.848
43.098	72.848
43.152	72.848
43.195	72.848
43.252	72.686
43.302	72.696
43.348	72.686
43.396	72.696
43.454	72.666
43.497	72.461
43.552	72.461
43.604	72.470
43.653	72.328
43.696	72.328
43.748	72.338
43.799	72.338
43.851	72.266
43.903	72.266
43.946	72.266
44.003	72.266
44.053	72.266
44.097	72.032
44.154	72.032
44.202	72.032
44.245	72.032
44.298	72.032
44.347	71.797
44.400	71.797
44.449	71.797
44.501	71.807
44.547	71.807
44.596	71.563
44.653	71.563
44.696	71.563
44.747	71.582
44.804	71.582
44.846	71.348
44.897	71.348
44.951	71.338
45.004	71.338
45.046	71.338
45.098	71.175
45.148	71.175
45.195	71.104
45.245	71.032
45.299	71.042
45.350	71.042
45.403	70.971
45.450	70.971
45.499	70.853
45.545	70.843
45.602	70.843
45.647	70.853
45.704	70.853
45.754	70.794
45.796	70.631
45.846	70.631
45.902	70.631
45.949	70.631
45.999	70.631
46.049	70.397
46.095	70.446
46.152	70.446
46.203	70.446
46.254	70.446
46.302	70.192
46.352	70.192
46.397	70.192
46.447	70.192
46.500	70.120
46.545	69.957
46.603	69.957
46.645	69.957
46.703	69.957
46.745	69.957
46.801	69.794
46.850	69.794
46.896	69.794
46.953	69.794
47.000	69.794
47.045	69.560
47.104	69.560
47.146	69.560
47.203	69.551
47.245	69.551
47.303	69.317
47.346	69.306
47.403	69.306
47.447	69.306
47.502	69.306
47.545	69.306
47.602	69.225
47.645	69.225
47.702	69.225
47.752	69.225
47.798	69.296
47.852	69.053
47.895	69.053
47.953	69.053
48.003	69.053
48.046	69.053
48.096	69.053
48.151	68.819
48.199	68.819
48.250	68.819
48.301	68.808
48.346	68.808
48.403	68.808
48.446	68.574
48.499	68.554
48.551	68.554
48.602	68.554
48.645	68.554
48.704	68.554
48.746	68.320
48.803	68.336
48.847	68.336
48.904	68.336
48.951	68.336
49.002	68.345
49.052	68.089
49.100	68.079
49.149	68.079
49.196	68.079
49.250	67.997
49.299	68.017
49.352	68.017
49.403	68.017
49.453	67.958
49.501	68.010
49.545	68.010
49.601	67.939
49.647	67.939
49.696	67.939
49.751	67.939
49.801	67.704
49.851	67.704
49.903	67.704
49.945	67.704
50.004	67.704
50.049	67.636
50.100	67.645
50.151	67.717
50.202	67.645
50.251	67.483
50.302	67.483
50.350	67.483
50.403	67.483
50.449	67.401
50.503	67.401
50.545	67.401
50.602	67.401
50.649	67.391
50.704	67.391
50.749	67.381
50.795	67.147
50.848	67.147
50.903	67.147
50.948	67.147
50.998	66.985
51.046	66.985
51.103	66.985
51.145	66.994
51.201	66.881
51.248	66.881
51.300	66.799
51.351	66.809
51.398	66.799
51.453	66.799
51.495	66.799
51.539	66.565
51.603	66.565
51.651	66.474
51.697	66.555
51.749	66.503
51.801	66.555
51.852	66.503
51.903	66.278
51.953	66.278
51.998	66.288
52.045	66.288
52.097	66.278
52.147	66.317
52.198	66.317
52.252	66.236
52.296	66.002
52.354	66.002
52.402	65.943
52.453	65.943
52.504	65.943
52.547	65.943
52.602	65.943
52.653	65.953
52.699	65.953
52.748	65.953
52.798	65.842
52.854	65.780
52.899	65.780
52.952	65.780
52.998	65.780
53.045	65.780
53.102	65.780
53.148	65.780
53.203	65.770
53.246	65.770
53.303	65.536
53.347	65.536
53.399	65.484
53.452	65.484
53.503	65.484
53.549	65.484
53.598	65.240
53.649	65.240
53.698	65.230
53.748	65.230
53.800	65.230
53.850	65.230
53.896	65.221
53.952	65.221
53.998	65.221
54.045	65.201
54.103	65.201
54.154	65.201
54.197	65.119
54.254	64.966
54.304	64.976
54.350	64.976
54.400	64.976
54.452	64.976
54.496	64.895
54.546	64.895
54.604	64.895
54.650	64.895
54.702	64.650
54.745	64.650
54.801	64.641
54.845	64.650
54.903	64.650
54.946	64.650
54.999	64.650
55.054	64.579
55.095	64.579
55.152	64.579
55.197	64.345
55.248	64.345
55.295	64.345
55.346	64.345
55.403	64.345
55.447	64.345
55.501	64.355
55.552	64.120
55.595	64.120
55.654	64.058
55.699	64.058
55.745	64.058
55.802	64.058
55.846	64.058
55.903	64.058
55.947	64.058
56.004	63.948
56.054	63.948
56.099	63.948
56.151	63.948
56.200	63.957
56.247	63.723
56.304	63.714
56.354	63.714
56.396	63.714
56.446	63.723
56.496	63.723
56.547	63.723
56.599	63.723
56.650	63.723
56.698	63.723
56.752	63.723
56.799	63.723
56.847	63.723
56.904	63.723
56.947	63.723
56.999	63.723
57.052	63.723
57.101	63.560
57.145	63.560
57.200	63.560
57.253	63.560
57.295	63.398
57.352	63.398
57.395	63.398
57.452	63.398
57.501	63.164
57.553	63.164
57.604	63.164
57.649	63.164
57.697	63.164
57.749	62.929
57.800	62.929
57.850	62.929
57.901	62.929
57.947	62.929
57.997	62.929
58.048	62.929
58.097	62.929
58.151	62.685
58.196	62.685
58.246	62.685
58.297	62.685
58.348	62.685
58.399	62.685
58.454	62.675
58.498	62.675
58.546	62.665
58.597	62.451
58.646	62.440
58.697	62.440
58.752	62.440
58.802	62.440
58.845	62.440
58.897	62.206
58.947	62.206
59.001	62.206
59.052	62.206
59.103	62.206
59.147	62.216
59.197	62.206
59.251	62.216
59.300	61.982
59.351	61.982
59.400	61.982
59.451	62.011
59.495	62.011
59.554	62.011
59.597	62.011
59.654	62.011
59.695	61.777
59.754	61.777
59.798	61.745
59.851	61.745
