4.101   275.171
4.519   277.618
4.852   278.925
5.27   279.974
5.603   280.472
6.021   282.666
6.354   283.432
6.772   284.641
7.189   284.431
7.523   285.875
7.94   285.991
8.274   285.899
8.691   284.011
9.025   283.044
9.442   284.118
9.776   283.2068
10.193   282.115
10.527   281.0226
10.944   282.545
11.278   283.072
11.695   282.257
12.029   282.1399
12.446   280.983
12.78   278.728
13.197   276.921
13.615   274.492
13.948   272.065
14.366   270.855
14.783   268.049
15.117   266.372
15.451   264.502
15.868   262.909
16.285   260.361
16.619   258.436
16.953   258.847
17.37   259.83
17.704   254.027
18.121   252.818
18.455   250.382
18.872   248.237
19.289   246.653
19.623   244.856
20.04   244.958
20.374   245.468
20.791   244.096
21.125   243.505
21.542   242.806
21.96   240.4
22.294   241.191
22.711   240.107
23.045   239.512
23.462   238.437
23.796   238.567
24.213   238.41
24.547   237.938
24.964   237.409
25.298   237.585
25.715   236.262
26.049   236.918
26.466   236.608
26.800   234.417
27.217   234.925
27.634   233.638
27.968   233.702
28.385   233.283
28.719   232.982
29.136   228.822
29.47   225.039
29.888   221.893
30.221   218.243
30.639   218.0204
30.972   217.8326
31.39   217.53
31.807   210.889
32.141   209.037
32.475   208.086
32.892   207.604
33.309   206.962
33.643   205.18
34.06   204.809
34.394   204.0885
34.811   203.8577
35.145   202.774
35.562   201.021
35.896   200.982
36.313   200.583
36.731   199.004
37.064   196.033
37.482   195.974
37.815   194.507
38.233   193.507
38.566   192.734
38.984   191.238
39.317   190.493
39.735   188.747
40.069   184.327
40.486   180.559
40.82   178.54
41.237   172.848
41.571   168.107
41.988   165.773
42.405   163.29
42.739   159.331
43.156   157.331
43.49   155.852
43.824   152.575
44.241   149.82
44.658   146.082
44.992   143.737
45.409   140.721
45.743   138.246
46.16   134.532
46.578   130.481
46.911   126.471
47.329   122.461
47.663   118.551
48.08   114.088
48.414   110.46
48.831   108.835
49.165   105.491
49.582   95.491
49.916   94.493
50.333   93.382
50.667   93.768
51.084   91.933
51.418   90.547
51.835   89.326
52.252   88.332
52.586   87.611
52.92   86.888
53.337   85.891
53.754   84.632
54.088   83.498
54.506   82.109
54.923   81.388
55.257   80.388
55.674   79.667
56.008   78.551
56.341   77.673
56.759   76.835
57.176   75.835

