0.3   60.39
0.8   95.205
1.2   125.67
2.1   167.526
2.8   195. 
4.101   206.171
4.519   206.618
4.852   207.925
5.27   208.974
5.603   209.472
6.021   210.666
6.354   211.432
6.772   212.641
7.189   214.431
7.523   215.875
7.94   215.991
8.274   216.899
8.691   216.911
9.025   217.044
9.442   217.118
9.776   217.068
10.193   216.915
10.527   215.8226
10.944   214.545
11.278   213.072
11.695   212.257
12.029   211.899
12.446   210.983
12.78   209.728
13.197   208.921
13.615   207.492
13.948   206.065
14.366   205.855
14.783   207.049
15.117   206.372
15.451   202.02
15.868   198.909
16.285   196.361
16.619   194.436
16.953   192.847
17.37   191.83
17.704   190.027
18.121   189.818
18.455   188.382
18.872   187.237
19.289   186.653
19.623   185.856
20.04   184.958
20.374   183.468
20.791  183.496
21.125   182.505
21.542   181.806
21.96   180.4
22.294   179.191
22.711   178.107
23.045   177.512
23.462   176.437
23.796   175.567
24.213   174.41
24.547   173.938
24.964   172.409
25.298   171.585
25.715   170.262
26.049   170.218
26.466   169.608
26.8   169.417
27.217   168.625
27.634   168.638
27.968   167.702
28.385   167.283
28.719   166.982
29.136   166.822
29.47   166.039
29.888   165.893
30.221   165.537
30.639   166.754
30.972   166.038
31.39   164.685
31.807   163.695
32.141   162.341
32.475   161.624
32.892   159.707
33.309   158.709
33.643   158.147
34.06   155.361
34.394   155.665
34.811   155.679
35.145   154.321
35.562   153.754
35.896   153.204
36.313   152.41
36.731   149.727
37.064   149.749
37.482   148.951
37.815   147.846
38.233   147.846
38.566   146.51
38.984   145.383
39.317   144.822
39.735   144.26
40.069   143.943
40.486   142.611
40.82   141.09
41.237   140.322
41.571   139.764
41.988   138.512
42.405   137.395
42.739   136.672
43.156   135.672
43.49   134.558
43.824   133.349
44.241   132.027
44.658   131.471
44.992   131.211
45.409   130.446
45.743   130.334
46.16   130.043
46.578   129.758
46.911   128.997
47.329   128.236
47.663   127.304
48.08   128.202
48.414   128.482
48.831   128.011
49.165   128.752
49.582   127.052
49.916   127.9
50.333   127.163
50.667   126.454
51.084   126.071
51.418   125.027
51.835   124.614
52.252   123.865
52.586   122.322
52.92   121.024
53.337   120.779
53.754   119.584
54.088   118.73
54.506   117.683
54.923   116.14
55.257   115.14
55.674   114.597
56.008   113.756
56.341   112.848
56.759   111.463
57.176   110.463
