0.3   60.39
0.8   95.205
1.2   125.67
2.1   167.526
2.8   195.   
3.760	208.000
4.101   249.171
4.519   210.618
4.852   211.925
5.27   212.974
5.603   213.472
6.021   214.666
6.354   215.432
6.772   216.641
7.189   217.431
7.523   218.875
7.94   219.991
8.274   220.899
8.691   221.011
9.025   222.044
9.442   223.118
9.776   224.2068
10.193   223.15
10.527   222.0226
10.944   221.545
11.278   220.072
11.695   219.257
12.029   218.1399
12.446   217.983
12.78   218.728
13.197   216.921
13.615   214.492
13.948   212.065
14.366   210.855
14.783   208.049
15.117   206.372
15.451   204.502
15.868   202.909
16.285   200.361
16.619   208.436
16.953   208.847
17.37   207.83
17.704   204.027
18.121   202.818
18.455   200.382
18.872   198.237
19.289   196.653
19.623   194.856
20.04   194.958
20.374   195.468
20.791   194.096
21.125   193.505
21.542   192.806
21.96    191.2
22.294   190.191
22.711   190.107
23.045   189.512
23.462   188.437
23.796   188.567
24.213   188.41
24.547   187.938
24.964   187.409
25.298   187.585
25.715   186.262
26.049   186.918
26.466   186.608
26.800   184.417
27.217   184.925
27.634   183.638
27.968   183.702
28.385   183.283
28.719   182.982
29.136   178.822
29.47   175.039
29.888   171.893
30.221   178.243
30.639   178.0204
30.972   177.8326
31.39   177.53
31.807   170.889
32.141   179.037
32.475   178.086
32.892   177.604
33.309   176.962
33.643   175.18
34.06   174.809
34.394   174.0885
34.811   173.8577
35.145   172.774
35.562   171.021
35.896   170.982
36.313   169.583
36.731   169.004
37.064   166.033
37.482   165.974
37.815   164.507
38.233   163.507
38.566   162.734
38.984   161.238
39.317   160.493
39.735   158.747
40.069   154.327
40.486   150.559
40.82   148.54
41.237   142.848
41.571   148.107
41.988   145.773
42.405   143.29
42.739   149.331
43.156   147.331
43.49   145.852
43.824   142.575
44.241   149.82
44.658   146.082
44.992   143.737
45.409   140.721
45.743   138.246
46.16   134.532
46.578   130.481
46.911   126.471
47.329   122.461
47.663   121.551
48.08   120.088
48.414   119.46
48.831   118.835
49.165   117.291
49.582  116.491
49.916  115.493
50.333  114.382
50.667  113.768
51.084  112.933
51.418  110.547
51.835  109.326
52.252  108.332
52.586  107.611
52.92  106.888
53.337  105.891
53.754  104.632
54.088  103.498
54.506  102.109
54.923  101.388
55.257   90.388
55.674   99.667
56.008   98.551
56.341   97.673
56.759   96.835
57.176   95.835

