0.356   17.52252
0.711   35.939
1.067   71.0211
1.423   128.854
1.778   165.89
2.134   175.36
2.49   187.669
2.845   200.05
3.201   206.66
3.557   210.483
3.912   213.324
4.268   211.43
4.624   209.536
4.979   210.431
5.335   211.326
5.691   212.273
6.046   214.166
6.402   213.185
6.758   215.079
7.113   216.06
7.469   213.185
7.825   212.238
8.18   211.291
8.536   210.344
8.892   209.397
9.247   208.45
9.603   207.503
9.959   209.449
10.314   208.502
10.67   206.608
11.025   205.661
11.381   204.714
11.737   202.821
12.092   201.874
12.448   200.927
12.804   199.033
13.159   198.103
13.515   197.174
13.871   196.279
14.226   195.349
14.582   194.402
14.938   193.473
15.293   187.721
15.649   181.219
15.9   175.325
16.21   170.432
16.55   178.645
17   176.644
17.301   176.5
17.633   176.428
18.009   176.213
18.344   176.176
18.7   176.14
19.056   175.21
19.451   174.316
19.757   173.405
20.103   172.458
20.458   171.528
20.884   170.581
21.24   169.599
21.595   169.052
21.951   168.705
22.307   167.723
22.62   166.812
23.018   165.9
23.274   165.132
23.629   158.327
23.985   157.844
24.341   151.414
24.696   145.788
25.052   140.771
25.408   134.149
25.863   132.646
26.119  130.219
26.475  125.1236
26.83   124.4
27.186  120.1554
27.542  117.2836
27.897  115.41
28.253  110.5382
28.609  108.1511
28.964  107.0759
29.32  106.2885
29.676  100.5012
30.031   94.7148
30.387   92.9275
30.742   91.8363
31.098   89.399
31.454   88.8342
31.809   87.8342
32.165   86.1797
32.521   85.5251
32.8   84.5251
33.232   83.8704
33.6   82.7894
34   81.1864
34.3   80.5825
34.7   79.5825
35.01   78.9793
35.3   77.3762