0.362   22.0109
0.774   41.3376
1.152   52.8387
1.599   61.0061
2.017   72.1743
2.368   77.8414
2.837   83.0088
3.206   86.5092
3.584   95.51
3.992   98.87
4.368   114.624
4.774   118.439
5.147   120.312
5.584   122.175
5.9505   124.81
6.468   126.021
6.801   127.509
7.179   128.491
7.54   128.672
8.0035   128.805
8.422   129.134
8.778   130.336
9.2195   130.946
9.611   130.932
9.99   130.315
10.428   130.735
10.8135   130.914
11.233   131.761
11.611   131.622
12.078   133.892
12.395   133.061
12.8   134.564
13.151   134.809
13.5975   135.967
13.99   134.062
14.471   132.032
14.8405   131.119
15.179   128.291
15.709   126.304
16.039   124.304
16.4085   123.549
16.8135   122.275
17.206   121.307
17.689   119.223
18.07   118.305
18.449   117.155
18.927   116.125
19.2465   115.619
19.6785   115.239
20.082   114.765
20.503   113.956
20.881   113.368
21.32   112.729
21.611   111.689
22.1375   110.657
22.475   109.802
22.8135   108.595
23.3   107.423
23.6515   106.459
24.1105   105.888
24.538   105.696
24.908   105.785
25.3265   105.747
25.776   105.975
26.07   105.894
26.518   105.677
26.9215   105.436
27.259   105.119
27.756   104.703
28.168   104.272
28.53   103.834
28.881   103.373
29.324   102.867
29.7325   101.971
30.178   101.327
30.561   100.553
30.9755   100.092
31.313   99.9786
31.716   99.2238
32.124   99.0525
32.5425   98.6017
32.954   98.1334
33.3535   97.7199
33.705   97.3841
34.124   97.1316
34.5425   96.9927
34.962   97.0543
35.34   97.1217
35.7585   96.8855
36.151   96.6531
36.5695   96.228
36.9215   96.2098
37.3805   95.7815
37.772   95.5632