0.57   17.26242
0.73   17.89602
0.86   18.52964
0.99   19.48002
1.03   21.19035
1.26   21.3137
1.36   21.8259
1.52   22.3576
1.66   22.6488
1.79   23.9462
1.92   23.9166
2.05   24.9228
2.18   24.4301
2.33   25.431
2.46   26.4751
2.6   27.0285
2.72   29.9803
2.82   30.8384
3      32.2906
3.12   33.4906
3.26   34.0612
3.4   34.5246
3.52   35.3322
3.64   36.1992
3.8   37.7699
3.9   38.7699
4.05   39.373
4.15   40.3504
4.31   41.3512
4.41   42.3689
4.56   43.4577
4.7   45.4877
4.8   47.599
4.91   48.7181
5.05   50.6352
5.2   52.4514
5.3   53.4904
5.45   52.6004
5.59   50.2059
5.7   49.3654
5.83   48.9361
6   47.2059
6.13   45.4904
6.2   45.6352
6.35   46.2241
6.5   47.9724
6.63   52.2461
6.75   53.5695
6.85   54.4762
7.05   55.7349
7.16   56.8163
7.25   57.644
7.39   58.8633
7.5   59.746
7.62   61.9681
7.8   63.8015
7.9   65.8245
8   67.6838
8.15   67.2141
8.3   68.0099
8.41   68.2407
8.54   68.5805
8.7   69.4393
8.85   69.2545
8.92   69.5571
9.1   69.9674
9.302   69.3343
9.421   70.8051
9.553   70.0762
9.685   70.177
9.818   70.3681
9.95   70.2408
10.082   70.2603
10.228   70.5506
10.347   70.2553
10.479   70.0774
10.612   69.4345
10.744   69.3635
10.876   69.2231
11.009   69.1129
11.154   69.0033
11.286   68.936
11.432   68.8151
11.564   68.7334
11.67   68.6036
11.816   68.5403
11.935   68.4253
12.08   68.3827
12.213   68.217
12.345   68.1427
12.477   67.8621
12.61   67.7191
12.755   67.6147
12.888   67.5451
13.007   67.437