0.57   17.26242
0.73   17.89602
0.86   18.52964
0.99   19.48002
1.03   21.19035
1.26   20.3137
1.36   21.8259
1.52   22.3576
1.66   23.6488
1.79   24.9462
1.92   24.9166
2.05   25.9228
2.18   26.4301
2.33   27.431
2.46   29.4751
2.6   32.0285
2.72   33.9803
2.82   35.8384
3   36.4906
3.12   37.4906
3.26   38.0612
3.4   39.5246
3.52   40.3322
3.64   42.1992
3.8   42.7699
3.9   43.7699
4.05   44.373
4.15   46.3504
4.31   47.3512
4.41   50.3689
4.56   53.4577
4.7   55.4877
4.8   57.599
4.91   60.7181
5.05   61.6352
5.2   62.4514
5.3   63.4904
5.45   63.6004
5.59   60.2059
5.7   54.3654
5.83   50.9361
6   47.2059
6.13   45.4904
6.2   42.6352
6.35   50.2241
6.5   51.9724
6.63   52.2461
6.75   53.5695
6.85   56.4762
7.05   60.7349
7.16   65.8163
7.25   67.644
7.39   68.8633
7.5   73.746
7.62   74.9681
7.8   76.8015
7.9   76.8245
8   79.6838
8.15   81.2141
8.3   80.0099
8.41   80.2407
8.54   80.5805
8.7   80.4393
8.85   80.2545
8.92   80.5571
9.1   78.9674
9.302   76.3343
9.421   75.8051
9.553   75.0762
9.685   75.177
9.818   76.3681
9.95   77.2408
10.082   76.2603
10.228   76.5506
10.347   75.2553
10.479   75.0774
10.612   74.4345
10.744   74.3635
10.876   73.7231
11.009   73.5129
11.154   72.3033
11.286   71.236
11.432   68.5151
11.564   67.1334
11.67   67.1036
11.816   66.0403
11.935   66.0253
12.08   65.7827
12.213   62.917
12.345   60.2427
12.477   59.2621
12.61   57.0191
12.755   54.8147
12.888   51.6451
13.007   49.837