0.57   21.4714
0.73   22.2595
0.86   23.0476
0.99   24.2297
1.03   26.357
1.26   27.7543
1.36   29.6352
1.52   30.2965
1.66   30.6587
1.79   31.0286
1.92   30.9918
2.05   30.9995
2.18   31.6305
2.33   32.8755
2.46   34.1741
2.6   36.1063
2.72   39.7778
2.82   42.089
3   44.144
3.12   46.6316
3.26   47.3414
3.4   49.1616
3.52   50.1661
3.64   51.2445
3.8   51.9543
3.9   51.9543
4.05   52.7045
4.15   52.6764
4.31   52.6774
4.41   53.9432
4.56   55.2975
4.7   60.3101
4.8   62.9362
4.91   69.3034
5.05   70.4441
5.2   71.4593
5.3   71.5078
5.45   71.6447
5.59   69.9102
5.7   68.8647
5.83   63.3555
6   58.7158
6.13   56.582
6.2   56.7621
6.35   57.4946
6.5   59.6691
6.63   64.9849
6.75   66.6309
6.85   70.2464
7.05   75.5434
7.16   78.1323
7.25   79.1618
7.39   81.9222
7.5   85.5078
7.62   87.0279
7.8   88.0645
7.9   89.3369
8   90.4057
8.15   91.0653
8.3   92.0552
8.41   92.3422
8.54   92.7649
8.7   92.5893
8.85   92.3594
8.92   91.492
9.1   90.7585
9.302   89.971
9.421   89.3128
9.553   88.4062
9.685   87.2877
9.818   87.5254
9.95   87.3671
10.082   87.3913
10.228   87.7524
10.347   87.3851
10.479   87.1638
10.612   87.608
10.744   87.5197
10.876   86.7232
11.009   86.4617
11.154   86.201
11.286   86.1173
11.432   85.2206
11.564   84.7458
11.67   84.7088
11.816   84.63
11.935   84.6114
12.08   84.3096
12.213   83.2329
12.345   82.3942
12.477   81.1745
12.61   80.8722
12.755   80.618
12.888   80.407
13.007   79.4019